#time 	S+S- 	 norm 
0.000000 	 1.000000e+00 	 0.000000e+00 
0.100000 	 9.508278e-01 	 -8.881784e-16 
0.200000 	 9.040735e-01 	 -5.684342e-14 
0.300000 	 8.596182e-01 	 -1.050271e-13 
0.400000 	 8.173489e-01 	 -1.447731e-13 
0.500000 	 7.771580e-01 	 -1.656453e-13 
0.600000 	 7.389435e-01 	 -1.714184e-13 
0.700000 	 7.026080e-01 	 -1.660894e-13 
0.800000 	 6.680592e-01 	 -1.811884e-13 
0.900000 	 6.352093e-01 	 -2.000622e-13 
1.000000 	 6.039746e-01 	 -2.415845e-13 
1.100000 	 5.742759e-01 	 -2.284839e-13 
1.200000 	 5.460375e-01 	 -2.491340e-13 
1.300000 	 5.191876e-01 	 -3.055334e-13 
1.400000 	 4.936580e-01 	 -3.252953e-13 
1.500000 	 4.693837e-01 	 -3.395062e-13 
1.600000 	 4.463031e-01 	 -3.406164e-13 
1.700000 	 4.243574e-01 	 -4.019007e-13 
1.800000 	 4.034908e-01 	 -4.198863e-13 
1.900000 	 3.836503e-01 	 -4.320988e-13 
2.000000 	 3.647854e-01 	 -4.536371e-13 
2.100000 	 3.468481e-01 	 -4.982681e-13 
2.200000 	 3.297928e-01 	 -5.051515e-13 
2.300000 	 3.135761e-01 	 -5.169198e-13 
2.400000 	 2.981569e-01 	 -5.420109e-13 
2.500000 	 2.834959e-01 	 -5.235812e-13 
2.600000 	 2.695558e-01 	 -5.377920e-13 
2.700000 	 2.563011e-01 	 -5.364598e-13 
2.800000 	 2.436982e-01 	 -5.295764e-13 
2.900000 	 2.317150e-01 	 -4.924949e-13 
3.000000 	 2.203211e-01 	 -4.931611e-13 
3.100000 	 2.094874e-01 	 -4.756195e-13 
3.200000 	 1.991865e-01 	 -4.762857e-13 
3.300000 	 1.893920e-01 	 -4.736211e-13 
3.400000 	 1.800792e-01 	 -4.651834e-13 
3.500000 	 1.712243e-01 	 -4.722889e-13 
3.600000 	 1.628048e-01 	 -4.800604e-13 
3.700000 	 1.547994e-01 	 -4.558576e-13 
3.800000 	 1.471875e-01 	 -4.367617e-13 
3.900000 	 1.399500e-01 	 -4.685141e-13 
4.000000 	 1.330684e-01 	 -4.680700e-13 
4.100000 	 1.265251e-01 	 -4.640732e-13 
4.200000 	 1.203036e-01 	 -4.800604e-13 
4.300000 	 1.143880e-01 	 -4.680700e-13 
4.400000 	 1.087633e-01 	 -4.785061e-13 
4.500000 	 1.034151e-01 	 -4.900524e-13 
4.600000 	 9.832999e-02 	 -4.769518e-13 
4.700000 	 9.349489e-02 	 -4.849454e-13 
4.800000 	 8.889754e-02 	 -4.820588e-13 
4.900000 	 8.452625e-02 	 -4.738432e-13 
5.000000 	 8.036991e-02 	 -5.020429e-13 
5.100000 	 7.641795e-02 	 -4.889422e-13 
5.200000 	 7.266031e-02 	 -4.887202e-13 
5.300000 	 6.908744e-02 	 -4.896084e-13 
5.400000 	 6.569026e-02 	 -4.858336e-13 
5.500000 	 6.246012e-02 	 -4.836131e-13 
5.600000 	 5.938882e-02 	 -4.729550e-13 
5.700000 	 5.646854e-02 	 -4.458656e-13 
5.800000 	 5.369186e-02 	 -4.425349e-13 
5.900000 	 5.105171e-02 	 -4.318768e-13 
6.000000 	 4.854139e-02 	 -4.320988e-13 
6.100000 	 4.615450e-02 	 -4.600764e-13 
6.200000 	 4.388498e-02 	 -4.420908e-13 
6.300000 	 4.172706e-02 	 -4.443113e-13 
6.400000 	 3.967525e-02 	 -3.999023e-13 
6.500000 	 3.772433e-02 	 -3.606004e-13 
6.600000 	 3.586934e-02 	 -4.247713e-13 
6.700000 	 3.410557e-02 	 -4.074519e-13 
6.800000 	 3.242852e-02 	 -4.054534e-13 
6.900000 	 3.083394e-02 	 -4.118927e-13 
7.000000 	 2.931777e-02 	 -4.394263e-13 
7.100000 	 2.787615e-02 	 -4.174439e-13 
7.200000 	 2.650542e-02 	 -4.110046e-13 
7.300000 	 2.520209e-02 	 -4.107825e-13 
7.400000 	 2.396284e-02 	 -4.156675e-13 
7.500000 	 2.278454e-02 	 -4.409806e-13 
7.600000 	 2.166417e-02 	 -4.789502e-13 
7.700000 	 2.059890e-02 	 -4.440892e-13 
7.800000 	 1.958600e-02 	 -4.436451e-13 
7.900000 	 1.862292e-02 	 -4.152234e-13 
8.000000 	 1.770719e-02 	 -4.196643e-13 
8.100000 	 1.683649e-02 	 -4.156675e-13 
8.200000 	 1.600860e-02 	 -4.267697e-13 
8.300000 	 1.522142e-02 	 -4.234391e-13 
8.400000 	 1.447295e-02 	 -4.145573e-13 
8.500000 	 1.376128e-02 	 -4.105605e-13 
8.600000 	 1.308461e-02 	 -4.132250e-13 
8.700000 	 1.244121e-02 	 -4.003464e-13 
8.800000 	 1.182945e-02 	 -3.979039e-13 
8.900000 	 1.124777e-02 	 -4.030110e-13 
9.000000 	 1.069469e-02 	 -3.950174e-13 
9.100000 	 1.016881e-02 	 -4.201084e-13 
9.200000 	 9.668788e-03 	 -4.085621e-13 
9.300000 	 9.193352e-03 	 -4.067857e-13 
9.400000 	 8.741295e-03 	 -4.181100e-13 
9.500000 	 8.311466e-03 	 -4.083400e-13 
9.600000 	 7.902773e-03 	 -4.329870e-13 
9.700000 	 7.514176e-03 	 -4.281020e-13 
9.800000 	 7.144688e-03 	 -4.363176e-13 
9.900000 	 6.793368e-03 	 -4.456435e-13 
10.000000 	 6.459323e-03 	 -4.534151e-13 
10.100000 	 6.141704e-03 	 -4.689582e-13 
10.200000 	 5.839703e-03 	 -4.876100e-13 
10.300000 	 5.552552e-03 	 -4.645173e-13 
10.400000 	 5.279520e-03 	 -5.095924e-13 
10.500000 	 5.019915e-03 	 -4.833911e-13 
10.600000 	 4.773074e-03 	 -4.760636e-13 
10.700000 	 4.538372e-03 	 -5.220269e-13 
10.800000 	 4.315210e-03 	 -5.055956e-13 
10.900000 	 4.103022e-03 	 -5.273559e-13 
11.000000 	 3.901267e-03 	 -5.193623e-13 
11.100000 	 3.709433e-03 	 -5.091483e-13 
11.200000 	 3.527032e-03 	 -5.084821e-13 
11.300000 	 3.353600e-03 	 -5.049294e-13 
11.400000 	 3.188696e-03 	 -5.151435e-13 
11.500000 	 3.031901e-03 	 -4.984901e-13 
11.600000 	 2.882816e-03 	 -5.102585e-13 
11.700000 	 2.741061e-03 	 -5.309087e-13 
11.800000 	 2.606277e-03 	 -5.038192e-13 
11.900000 	 2.478121e-03 	 -5.182521e-13 
12.000000 	 2.356266e-03 	 -5.746514e-13 
12.100000 	 2.240404e-03 	 -6.015188e-13 
12.200000 	 2.130238e-03 	 -6.117329e-13 
12.300000 	 2.025490e-03 	 -6.006307e-13 
12.400000 	 1.925892e-03 	 -6.068479e-13 
12.500000 	 1.831191e-03 	 -6.039613e-13 
12.600000 	 1.741148e-03 	 -6.339373e-13 
12.700000 	 1.655532e-03 	 -6.676881e-13 
12.800000 	 1.574125e-03 	 -6.767920e-13 
12.900000 	 1.496722e-03 	 -6.943335e-13 
13.000000 	 1.423125e-03 	 -6.885603e-13 
13.100000 	 1.353147e-03 	 -6.572520e-13 
13.200000 	 1.286610e-03 	 -6.330492e-13 
13.300000 	 1.223344e-03 	 -6.437073e-13 
13.400000 	 1.163190e-03 	 -6.348255e-13 
13.500000 	 1.105993e-03 	 -6.512568e-13 
13.600000 	 1.051609e-03 	 -7.034373e-13 
13.700000 	 9.998991e-04 	 -7.684964e-13 
13.800000 	 9.507319e-04 	 -8.057999e-13 
13.900000 	 9.039823e-04 	 -8.757439e-13 
14.000000 	 8.595315e-04 	 -8.679724e-13 
14.100000 	 8.172664e-04 	 -9.074963e-13 
14.200000 	 7.770796e-04 	 -9.268142e-13 
14.300000 	 7.388689e-04 	 -9.618972e-13 
14.400000 	 7.025371e-04 	 -9.987566e-13 
14.500000 	 6.679918e-04 	 -1.018075e-12 
14.600000 	 6.351452e-04 	 -1.066258e-12 
14.700000 	 6.039137e-04 	 -1.088019e-12 
14.800000 	 5.742179e-04 	 -1.117106e-12 
14.900000 	 5.459824e-04 	 -1.166178e-12 
15.000000 	 5.191352e-04 	 -1.211253e-12 
15.100000 	 4.936082e-04 	 -1.221911e-12 
15.200000 	 4.693364e-04 	 -1.235234e-12 
15.300000 	 4.462581e-04 	 -1.239675e-12 
15.400000 	 4.243146e-04 	 -1.270761e-12 
15.500000 	 4.034501e-04 	 -1.307399e-12 
15.600000 	 3.836116e-04 	 -1.327827e-12 
15.700000 	 3.647485e-04 	 -1.339151e-12 
15.800000 	 3.468131e-04 	 -1.355804e-12 
15.900000 	 3.297595e-04 	 -1.412204e-12 
16.000000 	 3.135445e-04 	 -1.452616e-12 
16.100000 	 2.981268e-04 	 -1.489475e-12 
16.200000 	 2.834673e-04 	 -1.532996e-12 
16.300000 	 2.695286e-04 	 -1.554534e-12 
16.400000 	 2.562752e-04 	 -1.625589e-12 
16.500000 	 2.436736e-04 	 -1.631806e-12 
16.600000 	 2.316917e-04 	 -1.632028e-12 
16.700000 	 2.202989e-04 	 -1.648237e-12 
16.800000 	 2.094663e-04 	 -1.730172e-12 
16.900000 	 1.991664e-04 	 -1.790790e-12 
17.000000 	 1.893729e-04 	 -1.806111e-12 
17.100000 	 1.800610e-04 	 -1.838973e-12 
17.200000 	 1.712070e-04 	 -1.894040e-12 
17.300000 	 1.627884e-04 	 -1.939116e-12 
17.400000 	 1.547837e-04 	 -1.983524e-12 
17.500000 	 1.471727e-04 	 -2.035039e-12 
17.600000 	 1.399359e-04 	 -2.107647e-12 
17.700000 	 1.330549e-04 	 -2.134293e-12 
17.800000 	 1.265123e-04 	 -2.152278e-12 
17.900000 	 1.202914e-04 	 -2.177147e-12 
18.000000 	 1.143764e-04 	 -2.199130e-12 
18.100000 	 1.087523e-04 	 -2.237766e-12 
18.200000 	 1.034047e-04 	 -2.299050e-12 
18.300000 	 9.832007e-05 	 -2.303713e-12 
18.400000 	 9.348546e-05 	 -2.310374e-12 
18.500000 	 8.888857e-05 	 -2.375877e-12 
18.600000 	 8.451773e-05 	 -2.421396e-12 
18.700000 	 8.036180e-05 	 -2.419842e-12 
18.800000 	 7.641024e-05 	 -2.485123e-12 
18.900000 	 7.265298e-05 	 -2.511547e-12 
19.000000 	 6.908047e-05 	 -2.537304e-12 
19.100000 	 6.568363e-05 	 -2.578382e-12 
19.200000 	 6.245382e-05 	 -2.578826e-12 
19.300000 	 5.938283e-05 	 -2.618128e-12 
19.400000 	 5.646285e-05 	 -2.641443e-12 
19.500000 	 5.368644e-05 	 -2.669420e-12 
19.600000 	 5.104656e-05 	 -2.714273e-12 
19.700000 	 4.853649e-05 	 -2.736700e-12 
19.800000 	 4.614984e-05 	 -2.774003e-12 
19.900000 	 4.388055e-05 	 -2.794653e-12 
20.000000 	 4.172285e-05 	 -2.821743e-12 
20.100000 	 3.967125e-05 	 -2.856826e-12 
20.200000 	 3.772052e-05 	 -2.884359e-12 
20.300000 	 3.586572e-05 	 -2.903233e-12 
20.400000 	 3.410213e-05 	 -2.936984e-12 
20.500000 	 3.242525e-05 	 -2.962075e-12 
20.600000 	 3.083083e-05 	 -2.988720e-12 
20.700000 	 2.931481e-05 	 -3.004708e-12 
20.800000 	 2.787334e-05 	 -3.043121e-12 
20.900000 	 2.650274e-05 	 -3.064216e-12 
21.000000 	 2.519954e-05 	 -3.080647e-12 
21.100000 	 2.396043e-05 	 -3.109069e-12 
21.200000 	 2.278224e-05 	 -3.098188e-12 
21.300000 	 2.166199e-05 	 -3.142153e-12 
21.400000 	 2.059682e-05 	 -3.143263e-12 
21.500000 	 1.958403e-05 	 -3.143041e-12 
21.600000 	 1.862104e-05 	 -3.162803e-12 
21.700000 	 1.770540e-05 	 -3.167022e-12 
21.800000 	 1.683479e-05 	 -3.188783e-12 
21.900000 	 1.600698e-05 	 -3.202327e-12 
22.000000 	 1.521989e-05 	 -3.243183e-12 
22.100000 	 1.447149e-05 	 -3.264944e-12 
22.200000 	 1.375989e-05 	 -3.283374e-12 
22.300000 	 1.308329e-05 	 -3.299805e-12 
22.400000 	 1.243996e-05 	 -3.301137e-12 
22.500000 	 1.182826e-05 	 -3.300027e-12 
22.600000 	 1.124663e-05 	 -3.304690e-12 
22.700000 	 1.069361e-05 	 -3.330225e-12 
22.800000 	 1.016778e-05 	 -3.358647e-12 
22.900000 	 9.667812e-06 	 -3.380851e-12 
23.000000 	 9.192425e-06 	 -3.379297e-12 
23.100000 	 8.740413e-06 	 -3.402612e-12 
23.200000 	 8.310627e-06 	 -3.422373e-12 
23.300000 	 7.901976e-06 	 -3.448353e-12 
23.400000 	 7.513418e-06 	 -3.468781e-12 
23.500000 	 7.143967e-06 	 -3.480549e-12 
23.600000 	 6.792682e-06 	 -3.498979e-12 
23.700000 	 6.458671e-06 	 -3.525402e-12 
23.800000 	 6.141084e-06 	 -3.524736e-12 
23.900000 	 5.839113e-06 	 -3.523182e-12 
24.000000 	 5.551991e-06 	 -3.551381e-12 
24.100000 	 5.278988e-06 	 -3.557821e-12 
24.200000 	 5.019408e-06 	 -3.552936e-12 
24.300000 	 4.772593e-06 	 -3.578471e-12 
24.400000 	 4.537914e-06 	 -3.606671e-12 
24.500000 	 4.314775e-06 	 -3.610889e-12 
24.600000 	 4.102608e-06 	 -3.600009e-12 
24.700000 	 3.900873e-06 	 -3.594680e-12 
24.800000 	 3.709059e-06 	 -3.600675e-12 
24.900000 	 3.526676e-06 	 -3.592460e-12 
25.000000 	 3.353262e-06 	 -3.587353e-12 
25.100000 	 6.954667e-04 	 -3.602008e-12 
25.200000 	 2.469012e-03 	 -3.606448e-12 
25.300000 	 5.159441e-03 	 -3.600009e-12 
25.400000 	 8.618548e-03 	 -3.604894e-12 
25.500000 	 1.271313e-02 	 -3.615552e-12 
25.600000 	 1.732375e-02 	 -3.624656e-12 
25.700000 	 2.234354e-02 	 -3.655964e-12 
25.800000 	 2.767720e-02 	 -3.672396e-12 
25.900000 	 3.323995e-02 	 -3.700151e-12 
26.000000 	 3.895665e-02 	 -3.709033e-12 
26.100000 	 4.476095e-02 	 -3.698819e-12 
26.200000 	 5.059451e-02 	 -3.701928e-12 
26.300000 	 5.640628e-02 	 -3.725464e-12 
26.400000 	 6.215184e-02 	 -3.731904e-12 
26.500000 	 6.779277e-02 	 -3.718137e-12 
26.600000 	 7.329614e-02 	 -3.708367e-12 
26.700000 	 7.863392e-02 	 -3.711920e-12 
26.800000 	 8.378257e-02 	 -3.713474e-12 
26.900000 	 8.872255e-02 	 -3.718137e-12 
27.000000 	 9.343794e-02 	 -3.721023e-12 
27.100000 	 9.791609e-02 	 -3.700151e-12 
27.200000 	 1.021472e-01 	 -3.696154e-12 
27.300000 	 1.061242e-01 	 -3.727241e-12 
27.400000 	 1.098422e-01 	 -3.721246e-12 
27.500000 	 1.132984e-01 	 -3.715472e-12 
27.600000 	 1.164919e-01 	 -3.721912e-12 
27.700000 	 1.194232e-01 	 -3.751444e-12 
27.800000 	 1.220944e-01 	 -3.756107e-12 
27.900000 	 1.245089e-01 	 -3.783640e-12 
28.000000 	 1.266707e-01 	 -3.797407e-12 
28.100000 	 1.285853e-01 	 -3.792300e-12 
28.200000 	 1.302586e-01 	 -3.823830e-12 
28.300000 	 1.316972e-01 	 -3.843592e-12 
28.400000 	 1.329083e-01 	 -3.825606e-12 
28.500000 	 1.338997e-01 	 -3.838485e-12 
28.600000 	 1.346791e-01 	 -3.850031e-12 
28.700000 	 1.352550e-01 	 -3.855360e-12 
28.800000 	 1.356358e-01 	 -3.846479e-12 
28.900000 	 1.358300e-01 	 -3.858025e-12 
29.000000 	 1.358463e-01 	 -3.872458e-12 
29.100000 	 1.356935e-01 	 -3.883782e-12 
29.200000 	 1.353802e-01 	 -3.906653e-12 
29.300000 	 1.349151e-01 	 -3.916645e-12 
29.400000 	 1.343067e-01 	 -3.925082e-12 
29.500000 	 1.335634e-01 	 -3.907097e-12 
29.600000 	 1.326934e-01 	 -3.922196e-12 
29.700000 	 1.317050e-01 	 -3.920197e-12 
29.800000 	 1.306059e-01 	 -3.904432e-12 
29.900000 	 1.294040e-01 	 -3.939071e-12 
30.000000 	 1.281067e-01 	 -3.973044e-12 
30.100000 	 1.267212e-01 	 -4.002576e-12 
30.200000 	 1.252546e-01 	 -4.041878e-12 
30.300000 	 1.237137e-01 	 -4.081402e-12 
30.400000 	 1.221050e-01 	 -4.118039e-12 
30.500000 	 1.204348e-01 	 -4.148459e-12 
30.600000 	 1.187091e-01 	 -4.184209e-12 
30.700000 	 1.169337e-01 	 -4.236389e-12 
30.800000 	 1.151142e-01 	 -4.287015e-12 
30.900000 	 1.132558e-01 	 -4.327427e-12 
31.000000 	 1.113635e-01 	 -4.386269e-12 
31.100000 	 1.094422e-01 	 -4.411360e-12 
31.200000 	 1.074963e-01 	 -4.418466e-12 
31.300000 	 1.055303e-01 	 -4.465761e-12 
31.400000 	 1.035481e-01 	 -4.493073e-12 
31.500000 	 1.015537e-01 	 -4.534817e-12 
31.600000 	 9.955063e-02 	 -4.561906e-12 
31.700000 	 9.754238e-02 	 -4.602096e-12 
31.800000 	 9.553217e-02 	 -4.638956e-12 
31.900000 	 9.352300e-02 	 -4.692025e-12 
32.000000 	 9.151771e-02 	 -4.671596e-12 
32.100000 	 8.951894e-02 	 -4.689582e-12 
32.200000 	 8.752917e-02 	 -4.675593e-12 
32.300000 	 8.555067e-02 	 -4.676037e-12 
32.400000 	 8.358557e-02 	 -4.690470e-12 
32.500000 	 8.163585e-02 	 -4.730438e-12 
32.600000 	 7.970332e-02 	 -4.789280e-12 
32.700000 	 7.778964e-02 	 -4.839906e-12 
32.800000 	 7.589635e-02 	 -4.895195e-12 
32.900000 	 7.402485e-02 	 -4.933165e-12 
33.000000 	 7.217640e-02 	 -4.998002e-12 
33.100000 	 7.035216e-02 	 -5.025536e-12 
33.200000 	 6.855316e-02 	 -5.069944e-12 
33.300000 	 6.678033e-02 	 -5.102141e-12 
33.400000 	 6.503449e-02 	 -5.133005e-12 
33.500000 	 6.331638e-02 	 -5.176970e-12 
33.600000 	 6.162662e-02 	 -5.228706e-12 
33.700000 	 5.996577e-02 	 -5.246026e-12 
33.800000 	 5.833429e-02 	 -5.288214e-12 
33.900000 	 5.673256e-02 	 -5.318412e-12 
34.000000 	 5.516091e-02 	 -5.354384e-12 
34.100000 	 5.361957e-02 	 -5.379475e-12 
34.200000 	 5.210874e-02 	 -5.433209e-12 
34.300000 	 5.062853e-02 	 -5.462075e-12 
34.400000 	 4.917901e-02 	 -5.500711e-12 
34.500000 	 4.776019e-02 	 -5.550005e-12 
34.600000 	 4.637205e-02 	 -5.579759e-12 
34.700000 	 4.501450e-02 	 -5.647927e-12 
34.800000 	 4.368741e-02 	 -5.702105e-12 
34.900000 	 4.239064e-02 	 -5.725198e-12 
35.000000 	 4.112397e-02 	 -5.762057e-12 
35.100000 	 3.988719e-02 	 -5.805356e-12 
35.200000 	 3.868003e-02 	 -5.837553e-12 
35.300000 	 3.750220e-02 	 -5.894840e-12 
35.400000 	 3.635339e-02 	 -5.908829e-12 
35.500000 	 3.523327e-02 	 -5.945244e-12 
35.600000 	 3.414148e-02 	 -5.987211e-12 
35.700000 	 3.307764e-02 	 -6.062262e-12 
35.800000 	 3.204135e-02 	 -6.119105e-12 
35.900000 	 3.103222e-02 	 -6.187273e-12 
36.000000 	 3.004982e-02 	 -6.251222e-12 
36.100000 	 2.909371e-02 	 -6.268319e-12 
36.200000 	 2.816346e-02 	 -6.298073e-12 
36.300000 	 2.725861e-02 	 -6.357803e-12 
36.400000 	 2.637871e-02 	 -6.399326e-12 
36.500000 	 2.552328e-02 	 -6.438183e-12 
36.600000 	 2.469187e-02 	 -6.520118e-12 
36.700000 	 2.388399e-02 	 -6.570300e-12 
36.800000 	 2.309918e-02 	 -6.641132e-12 
36.900000 	 2.233695e-02 	 -6.692424e-12 
37.000000 	 2.159682e-02 	 -6.731282e-12 
37.100000 	 2.087832e-02 	 -6.785239e-12 
37.200000 	 2.018098e-02 	 -6.816325e-12 
37.300000 	 1.950430e-02 	 -6.849188e-12 
37.400000 	 1.884783e-02 	 -6.896261e-12 
37.500000 	 1.821108e-02 	 -6.940226e-12 
37.600000 	 1.759360e-02 	 -7.002843e-12 
37.700000 	 1.699491e-02 	 -7.065903e-12 
37.800000 	 1.641457e-02 	 -7.075673e-12 
37.900000 	 1.585211e-02 	 -7.119194e-12 
38.000000 	 1.530708e-02 	 -7.177814e-12 
38.100000 	 1.477905e-02 	 -7.225331e-12 
38.200000 	 1.426757e-02 	 -7.276624e-12 
38.300000 	 1.377221e-02 	 -7.321477e-12 
38.400000 	 1.329255e-02 	 -7.390755e-12 
38.500000 	 1.282817e-02 	 -7.452039e-12 
38.600000 	 1.237865e-02 	 -7.501111e-12 
38.700000 	 1.194360e-02 	 -7.548406e-12 
38.800000 	 1.152261e-02 	 -7.575718e-12 
38.900000 	 1.111529e-02 	 -7.643219e-12 
39.000000 	 1.072126e-02 	 -7.707390e-12 
39.100000 	 1.034014e-02 	 -7.763123e-12 
39.200000 	 9.971576e-03 	 -7.799539e-12 
39.300000 	 9.615192e-03 	 -7.841061e-12 
39.400000 	 9.270639e-03 	 -7.883028e-12 
39.500000 	 8.937572e-03 	 -7.938317e-12 
39.600000 	 8.615652e-03 	 -7.979617e-12 
39.700000 	 8.304549e-03 	 -8.024248e-12 
39.800000 	 8.003939e-03 	 -8.087531e-12 
39.900000 	 7.713507e-03 	 -8.183898e-12 
40.000000 	 7.432945e-03 	 -8.249401e-12 
40.100000 	 7.161951e-03 	 -8.317125e-12 
40.200000 	 6.900233e-03 	 -8.365975e-12 
40.300000 	 6.647504e-03 	 -8.404166e-12 
40.400000 	 6.403485e-03 	 -8.458567e-12 
40.500000 	 6.167904e-03 	 -8.483214e-12 
40.600000 	 5.940495e-03 	 -8.538281e-12 
40.700000 	 5.721001e-03 	 -8.598011e-12 
40.800000 	 5.509171e-03 	 -8.654188e-12 
40.900000 	 5.304759e-03 	 -8.709256e-12 
41.000000 	 5.107528e-03 	 -8.773871e-12 
41.100000 	 4.917247e-03 	 -8.838708e-12 
41.200000 	 4.733689e-03 	 -8.894663e-12 
41.300000 	 4.556637e-03 	 -8.992362e-12 
41.400000 	 4.385876e-03 	 -9.046985e-12 
41.500000 	 4.221202e-03 	 -9.102719e-12 
41.600000 	 4.062412e-03 	 -9.156675e-12 
41.700000 	 3.909312e-03 	 -9.201750e-12 
41.800000 	 3.761712e-03 	 -9.206191e-12 
41.900000 	 3.619429e-03 	 -9.264811e-12 
42.000000 	 3.482284e-03 	 -9.343415e-12 
42.100000 	 3.350104e-03 	 -9.384493e-12 
42.200000 	 3.222721e-03 	 -9.462875e-12 
42.300000 	 3.099972e-03 	 -9.467316e-12 
42.400000 	 2.981699e-03 	 -9.526158e-12 
42.500000 	 2.867749e-03 	 -9.594103e-12 
42.600000 	 2.757975e-03 	 -9.638512e-12 
42.700000 	 2.652231e-03 	 -9.664269e-12 
42.800000 	 2.550378e-03 	 -9.709566e-12 
42.900000 	 2.452283e-03 	 -9.782619e-12 
43.000000 	 2.357813e-03 	 -9.884538e-12 
43.100000 	 2.266843e-03 	 -9.980683e-12 
43.200000 	 2.179250e-03 	 -1.004308e-11 
43.300000 	 2.094915e-03 	 -1.010059e-11 
43.400000 	 2.013724e-03 	 -1.015676e-11 
43.500000 	 1.935565e-03 	 -1.024114e-11 
43.600000 	 1.860331e-03 	 -1.031819e-11 
43.700000 	 1.787918e-03 	 -1.039213e-11 
43.800000 	 1.718226e-03 	 -1.043410e-11 
43.900000 	 1.651156e-03 	 -1.050071e-11 
44.000000 	 1.586616e-03 	 -1.055378e-11 
44.100000 	 1.524514e-03 	 -1.059441e-11 
44.200000 	 1.464763e-03 	 -1.066147e-11 
44.300000 	 1.407278e-03 	 -1.070921e-11 
44.400000 	 1.351975e-03 	 -1.077916e-11 
44.500000 	 1.298777e-03 	 -1.083267e-11 
44.600000 	 1.247607e-03 	 -1.087974e-11 
44.700000 	 1.198391e-03 	 -1.090550e-11 
44.800000 	 1.151056e-03 	 -1.094769e-11 
44.900000 	 1.105535e-03 	 -1.100098e-11 
45.000000 	 1.061761e-03 	 -1.105604e-11 
45.100000 	 1.019669e-03 	 -1.109357e-11 
45.200000 	 9.791972e-04 	 -1.117040e-11 
45.300000 	 9.402857e-04 	 -1.127276e-11 
45.400000 	 9.028767e-04 	 -1.133293e-11 
45.500000 	 8.669143e-04 	 -1.138067e-11 
45.600000 	 8.323448e-04 	 -1.143552e-11 
45.700000 	 7.991162e-04 	 -1.151790e-11 
45.800000 	 7.671783e-04 	 -1.159273e-11 
45.900000 	 7.364828e-04 	 -1.163558e-11 
46.000000 	 7.069832e-04 	 -1.165490e-11 
46.100000 	 6.786343e-04 	 -1.173994e-11 
46.200000 	 6.513930e-04 	 -1.181966e-11 
46.300000 	 6.252174e-04 	 -1.185740e-11 
46.400000 	 6.000672e-04 	 -1.188138e-11 
46.500000 	 5.759036e-04 	 -1.194400e-11 
46.600000 	 5.526891e-04 	 -1.196665e-11 
46.700000 	 5.303876e-04 	 -1.203349e-11 
46.800000 	 5.089644e-04 	 -1.209988e-11 
46.900000 	 4.883860e-04 	 -1.210521e-11 
47.000000 	 4.686201e-04 	 -1.215805e-11 
47.100000 	 4.496356e-04 	 -1.219846e-11 
47.200000 	 4.314025e-04 	 -1.225198e-11 
47.300000 	 4.138920e-04 	 -1.229039e-11 
47.400000 	 3.970763e-04 	 -1.237765e-11 
47.500000 	 3.809286e-04 	 -1.243317e-11 
47.600000 	 3.654231e-04 	 -1.248246e-11 
47.700000 	 3.505351e-04 	 -1.251577e-11 
47.800000 	 3.362406e-04 	 -1.260236e-11 
47.900000 	 3.225166e-04 	 -1.264566e-11 
48.000000 	 3.093410e-04 	 -1.268652e-11 
48.100000 	 2.966924e-04 	 -1.275247e-11 
48.200000 	 2.845503e-04 	 -1.279643e-11 
48.300000 	 2.728951e-04 	 -1.285261e-11 
48.400000 	 2.617076e-04 	 -1.288902e-11 
48.500000 	 2.509695e-04 	 -1.295164e-11 
48.600000 	 2.406634e-04 	 -1.302003e-11 
48.700000 	 2.307722e-04 	 -1.310219e-11 
48.800000 	 2.212796e-04 	 -1.319056e-11 
48.900000 	 2.121700e-04 	 -1.324785e-11 
49.000000 	 2.034284e-04 	 -1.329870e-11 
49.100000 	 1.950401e-04 	 -1.335998e-11 
49.200000 	 1.869913e-04 	 -1.344835e-11 
49.300000 	 1.792685e-04 	 -1.354561e-11 
49.400000 	 1.718588e-04 	 -1.360267e-11 
49.500000 	 1.647499e-04 	 -1.366240e-11 
49.600000 	 1.579298e-04 	 -1.374278e-11 
49.700000 	 1.513870e-04 	 -1.382205e-11 
49.800000 	 1.451105e-04 	 -1.389888e-11 
49.900000 	 1.390897e-04 	 -1.394640e-11 
50.000000 	 1.333145e-04 	 -1.396305e-11 
50.100000 	 1.347875e-04 	 -1.397704e-11 
50.200000 	 1.504933e-04 	 -1.398570e-11 
50.300000 	 1.815708e-04 	 -1.400768e-11 
50.400000 	 2.307089e-04 	 -1.398925e-11 
50.500000 	 3.017213e-04 	 -1.400480e-11 
50.600000 	 3.991854e-04 	 -1.399680e-11 
50.700000 	 5.281407e-04 	 -1.400835e-11 
50.800000 	 6.938364e-04 	 -1.403921e-11 
50.900000 	 9.015247e-04 	 -1.405098e-11 
51.000000 	 1.156293e-03 	 -1.407829e-11 
51.100000 	 1.462928e-03 	 -1.410116e-11 
51.200000 	 1.825816e-03 	 -1.410827e-11 
51.300000 	 2.248859e-03 	 -1.410760e-11 
51.400000 	 2.735419e-03 	 -1.411715e-11 
51.500000 	 3.288284e-03 	 -1.410383e-11 
51.600000 	 3.909639e-03 	 -1.414757e-11 
51.700000 	 4.601064e-03 	 -1.416733e-11 
51.800000 	 5.363535e-03 	 -1.418532e-11 
51.900000 	 6.197433e-03 	 -1.416289e-11 
52.000000 	 7.102567e-03 	 -1.414979e-11 
52.100000 	 8.078200e-03 	 -1.415712e-11 
52.200000 	 9.123077e-03 	 -1.416023e-11 
52.300000 	 1.023546e-02 	 -1.418177e-11 
52.400000 	 1.141317e-02 	 -1.421063e-11 
52.500000 	 1.265361e-02 	 -1.422662e-11 
52.600000 	 1.395384e-02 	 -1.424283e-11 
52.700000 	 1.531056e-02 	 -1.425771e-11 
52.800000 	 1.672021e-02 	 -1.428924e-11 
52.900000 	 1.817896e-02 	 -1.432165e-11 
53.000000 	 1.968280e-02 	 -1.436273e-11 
53.100000 	 2.122752e-02 	 -1.437073e-11 
53.200000 	 2.280878e-02 	 -1.440292e-11 
53.300000 	 2.442214e-02 	 -1.442491e-11 
53.400000 	 2.606311e-02 	 -1.443934e-11 
53.500000 	 2.772712e-02 	 -1.447087e-11 
53.600000 	 2.940962e-02 	 -1.446931e-11 
53.700000 	 3.110607e-02 	 -1.448286e-11 
53.800000 	 3.281195e-02 	 -1.449463e-11 
53.900000 	 3.452282e-02 	 -1.451461e-11 
54.000000 	 3.623432e-02 	 -1.451772e-11 
54.100000 	 3.794219e-02 	 -1.453015e-11 
54.200000 	 3.964226e-02 	 -1.452172e-11 
54.300000 	 4.133054e-02 	 -1.452949e-11 
54.400000 	 4.300314e-02 	 -1.452571e-11 
54.500000 	 4.465634e-02 	 -1.453571e-11 
54.600000 	 4.628658e-02 	 -1.455813e-11 
54.700000 	 4.789048e-02 	 -1.457656e-11 
54.800000 	 4.946482e-02 	 -1.461742e-11 
54.900000 	 5.100658e-02 	 -1.463918e-11 
55.000000 	 5.251292e-02 	 -1.462275e-11 
55.100000 	 5.398118e-02 	 -1.463696e-11 
55.200000 	 5.540890e-02 	 -1.466316e-11 
55.300000 	 5.679380e-02 	 -1.468869e-11 
55.400000 	 5.813380e-02 	 -1.470624e-11 
55.500000 	 5.942700e-02 	 -1.471889e-11 
55.600000 	 6.067170e-02 	 -1.477085e-11 
55.700000 	 6.186636e-02 	 -1.481038e-11 
55.800000 	 6.300964e-02 	 -1.483191e-11 
55.900000 	 6.410036e-02 	 -1.485212e-11 
56.000000 	 6.513752e-02 	 -1.489386e-11 
56.100000 	 6.612029e-02 	 -1.487788e-11 
56.200000 	 6.704799e-02 	 -1.489497e-11 
56.300000 	 6.792011e-02 	 -1.489608e-11 
56.400000 	 6.873626e-02 	 -1.490519e-11 
56.500000 	 6.949623e-02 	 -1.493317e-11 
56.600000 	 7.019991e-02 	 -1.494227e-11 
56.700000 	 7.084737e-02 	 -1.494960e-11 
56.800000 	 7.143874e-02 	 -1.497069e-11 
56.900000 	 7.197432e-02 	 -1.498224e-11 
57.000000 	 7.245451e-02 	 -1.500333e-11 
57.100000 	 7.287978e-02 	 -1.502776e-11 
57.200000 	 7.325075e-02 	 -1.502154e-11 
57.300000 	 7.356810e-02 	 -1.503486e-11 
57.400000 	 7.383259e-02 	 -1.507061e-11 
57.500000 	 7.404508e-02 	 -1.504019e-11 
57.600000 	 7.420649e-02 	 -1.500622e-11 
57.700000 	 7.431781e-02 	 -1.498601e-11 
57.800000 	 7.438009e-02 	 -1.499667e-11 
57.900000 	 7.439444e-02 	 -1.503886e-11 
58.000000 	 7.436202e-02 	 -1.510903e-11 
58.100000 	 7.428403e-02 	 -1.516831e-11 
58.200000 	 7.416170e-02 	 -1.523848e-11 
58.300000 	 7.399631e-02 	 -1.531864e-11 
58.400000 	 7.378917e-02 	 -1.537415e-11 
58.500000 	 7.354161e-02 	 -1.543987e-11 
58.600000 	 7.325498e-02 	 -1.552958e-11 
58.700000 	 7.293064e-02 	 -1.558664e-11 
58.800000 	 7.256998e-02 	 -1.563749e-11 
58.900000 	 7.217439e-02 	 -1.569544e-11 
59.000000 	 7.174526e-02 	 -1.574918e-11 
59.100000 	 7.128399e-02 	 -1.582490e-11 
59.200000 	 7.079197e-02 	 -1.588529e-11 
59.300000 	 7.027060e-02 	 -1.594280e-11 
59.400000 	 6.972127e-02 	 -1.599521e-11 
59.500000 	 6.914535e-02 	 -1.605294e-11 
59.600000 	 6.854420e-02 	 -1.612221e-11 
59.700000 	 6.791918e-02 	 -1.618639e-11 
59.800000 	 6.727162e-02 	 -1.624834e-11 
59.900000 	 6.660283e-02 	 -1.633471e-11 
60.000000 	 6.591412e-02 	 -1.640310e-11 
60.100000 	 6.520676e-02 	 -1.646216e-11 
60.200000 	 6.448200e-02 	 -1.655587e-11 
60.300000 	 6.374107e-02 	 -1.662626e-11 
60.400000 	 6.298517e-02 	 -1.669553e-11 
60.500000 	 6.221548e-02 	 -1.676836e-11 
60.600000 	 6.143316e-02 	 -1.682743e-11 
60.700000 	 6.063931e-02 	 -1.688338e-11 
60.800000 	 5.983503e-02 	 -1.695843e-11 
60.900000 	 5.902139e-02 	 -1.700173e-11 
61.000000 	 5.819941e-02 	 -1.706213e-11 
61.100000 	 5.737011e-02 	 -1.712919e-11 
61.200000 	 5.653445e-02 	 -1.719913e-11 
61.300000 	 5.569337e-02 	 -1.723754e-11 
61.400000 	 5.484778e-02 	 -1.729439e-11 
61.500000 	 5.399857e-02 	 -1.733413e-11 
61.600000 	 5.314658e-02 	 -1.737988e-11 
61.700000 	 5.229263e-02 	 -1.743428e-11 
61.800000 	 5.143750e-02 	 -1.750422e-11 
61.900000 	 5.058196e-02 	 -1.755573e-11 
62.000000 	 4.972671e-02 	 -1.762257e-11 
62.100000 	 4.887247e-02 	 -1.766809e-11 
62.200000 	 4.801989e-02 	 -1.774447e-11 
62.300000 	 4.716961e-02 	 -1.780065e-11 
62.400000 	 4.632224e-02 	 -1.788769e-11 
62.500000 	 4.547835e-02 	 -1.795830e-11 
62.600000 	 4.463850e-02 	 -1.799494e-11 
62.700000 	 4.380321e-02 	 -1.804956e-11 
62.800000 	 4.297297e-02 	 -1.810818e-11 
62.900000 	 4.214826e-02 	 -1.816503e-11 
63.000000 	 4.132951e-02 	 -1.825051e-11 
63.100000 	 4.051715e-02 	 -1.831513e-11 
63.200000 	 3.971156e-02 	 -1.840217e-11 
63.300000 	 3.891312e-02 	 -1.846057e-11 
63.400000 	 3.812218e-02 	 -1.851874e-11 
63.500000 	 3.733905e-02 	 -1.858202e-11 
63.600000 	 3.656403e-02 	 -1.867195e-11 
63.700000 	 3.579742e-02 	 -1.871592e-11 
63.800000 	 3.503946e-02 	 -1.876321e-11 
63.900000 	 3.429039e-02 	 -1.880363e-11 
64.000000 	 3.355043e-02 	 -1.887490e-11 
64.100000 	 3.281979e-02 	 -1.892952e-11 
64.200000 	 3.209864e-02 	 -1.894862e-11 
64.300000 	 3.138715e-02 	 -1.895395e-11 
64.400000 	 3.068547e-02 	 -1.899303e-11 
64.500000 	 2.999371e-02 	 -1.903033e-11 
64.600000 	 2.931202e-02 	 -1.909428e-11 
64.700000 	 2.864047e-02 	 -1.912981e-11 
64.800000 	 2.797915e-02 	 -1.920886e-11 
64.900000 	 2.732815e-02 	 -1.928457e-11 
65.000000 	 2.668751e-02 	 -1.934586e-11 
65.100000 	 2.605729e-02 	 -1.942224e-11 
65.200000 	 2.543750e-02 	 -1.948286e-11 
65.300000 	 2.482819e-02 	 -1.954303e-11 
65.400000 	 2.422935e-02 	 -1.961320e-11 
65.500000 	 2.364099e-02 	 -1.964451e-11 
65.600000 	 2.306310e-02 	 -1.971046e-11 
65.700000 	 2.249565e-02 	 -1.976486e-11 
65.800000 	 2.193863e-02 	 -1.982703e-11 
65.900000 	 2.139199e-02 	 -1.988698e-11 
66.000000 	 2.085568e-02 	 -1.994227e-11 
66.100000 	 2.032966e-02 	 -2.001710e-11 
66.200000 	 1.981387e-02 	 -2.009481e-11 
66.300000 	 1.930823e-02 	 -2.013190e-11 
66.400000 	 1.881268e-02 	 -2.022249e-11 
66.500000 	 1.832713e-02 	 -2.028067e-11 
66.600000 	 1.785150e-02 	 -2.032019e-11 
66.700000 	 1.738571e-02 	 -2.040257e-11 
66.800000 	 1.692965e-02 	 -2.045986e-11 
66.900000 	 1.648323e-02 	 -2.053802e-11 
67.000000 	 1.604635e-02 	 -2.057354e-11 
67.100000 	 1.561889e-02 	 -2.065059e-11 
67.200000 	 1.520075e-02 	 -2.069300e-11 
67.300000 	 1.479181e-02 	 -2.073453e-11 
67.400000 	 1.439196e-02 	 -2.079936e-11 
67.500000 	 1.400107e-02 	 -2.088285e-11 
67.600000 	 1.361903e-02 	 -2.095302e-11 
67.700000 	 1.324571e-02 	 -2.101741e-11 
67.800000 	 1.288099e-02 	 -2.106759e-11 
67.900000 	 1.252474e-02 	 -2.110490e-11 
68.000000 	 1.217682e-02 	 -2.116685e-11 
68.100000 	 1.183711e-02 	 -2.121991e-11 
68.200000 	 1.150548e-02 	 -2.128542e-11 
68.300000 	 1.118180e-02 	 -2.135780e-11 
68.400000 	 1.086593e-02 	 -2.144818e-11 
68.500000 	 1.055774e-02 	 -2.150435e-11 
68.600000 	 1.025710e-02 	 -2.158362e-11 
68.700000 	 9.963870e-03 	 -2.163247e-11 
68.800000 	 9.677921e-03 	 -2.170175e-11 
68.900000 	 9.399119e-03 	 -2.175016e-11 
69.000000 	 9.127330e-03 	 -2.179545e-11 
69.100000 	 8.862421e-03 	 -2.182388e-11 
69.200000 	 8.604261e-03 	 -2.189959e-11 
69.300000 	 8.352719e-03 	 -2.198641e-11 
69.400000 	 8.107662e-03 	 -2.206724e-11 
69.500000 	 7.868962e-03 	 -2.212275e-11 
69.600000 	 7.636488e-03 	 -2.220513e-11 
69.700000 	 7.410114e-03 	 -2.226952e-11 
69.800000 	 7.189712e-03 	 -2.234235e-11 
69.900000 	 6.975156e-03 	 -2.242917e-11 
70.000000 	 6.766322e-03 	 -2.249401e-11 
70.100000 	 6.563086e-03 	 -2.254752e-11 
70.200000 	 6.365327e-03 	 -2.261324e-11 
70.300000 	 6.172923e-03 	 -2.269207e-11 
70.400000 	 5.985755e-03 	 -2.275269e-11 
70.500000 	 5.803707e-03 	 -2.281197e-11 
70.600000 	 5.626662e-03 	 -2.289680e-11 
70.700000 	 5.454505e-03 	 -2.294076e-11 
70.800000 	 5.287123e-03 	 -2.299672e-11 
70.900000 	 5.124406e-03 	 -2.307066e-11 
71.000000 	 4.966243e-03 	 -2.317435e-11 
71.100000 	 4.812526e-03 	 -2.324096e-11 
71.200000 	 4.663150e-03 	 -2.330736e-11 
71.300000 	 4.518009e-03 	 -2.337308e-11 
71.400000 	 4.377001e-03 	 -2.343947e-11 
71.500000 	 4.240025e-03 	 -2.347589e-11 
71.600000 	 4.106980e-03 	 -2.354339e-11 
71.700000 	 3.977771e-03 	 -2.358935e-11 
71.800000 	 3.852300e-03 	 -2.362377e-11 
71.900000 	 3.730474e-03 	 -2.368439e-11 
72.000000 	 3.612200e-03 	 -2.375633e-11 
72.100000 	 3.497388e-03 	 -2.379763e-11 
72.200000 	 3.385948e-03 	 -2.382650e-11 
72.300000 	 3.277794e-03 	 -2.390688e-11 
72.400000 	 3.172841e-03 	 -2.396527e-11 
72.500000 	 3.071003e-03 	 -2.404277e-11 
72.600000 	 2.972200e-03 	 -2.410050e-11 
72.700000 	 2.876351e-03 	 -2.414136e-11 
72.800000 	 2.783378e-03 	 -2.421174e-11 
72.900000 	 2.693203e-03 	 -2.428102e-11 
73.000000 	 2.605752e-03 	 -2.437650e-11 
73.100000 	 2.520950e-03 	 -2.447598e-11 
73.200000 	 2.438725e-03 	 -2.456302e-11 
73.300000 	 2.359007e-03 	 -2.464029e-11 
73.400000 	 2.281728e-03 	 -2.473133e-11 
73.500000 	 2.206819e-03 	 -2.481060e-11 
73.600000 	 2.134216e-03 	 -2.488698e-11 
73.700000 	 2.063853e-03 	 -2.497158e-11 
73.800000 	 1.995668e-03 	 -2.502687e-11 
73.900000 	 1.929600e-03 	 -2.509459e-11 
74.000000 	 1.865589e-03 	 -2.515588e-11 
74.100000 	 1.803576e-03 	 -2.522138e-11 
74.200000 	 1.743505e-03 	 -2.529821e-11 
74.300000 	 1.685320e-03 	 -2.536504e-11 
74.400000 	 1.628966e-03 	 -2.543787e-11 
74.500000 	 1.574391e-03 	 -2.552003e-11 
74.600000 	 1.521544e-03 	 -2.557288e-11 
74.700000 	 1.470373e-03 	 -2.562150e-11 
74.800000 	 1.420831e-03 	 -2.567702e-11 
74.900000 	 1.372869e-03 	 -2.575296e-11 
75.000000 	 1.326440e-03 	 -2.581912e-11 
75.100000 	 1.281772e-03 	 -2.587530e-11 
75.200000 	 1.239586e-03 	 -2.595923e-11 
75.300000 	 1.200738e-03 	 -2.602563e-11 
75.400000 	 1.165934e-03 	 -2.609513e-11 
75.500000 	 1.135756e-03 	 -2.616152e-11 
75.600000 	 1.110682e-03 	 -2.621570e-11 
75.700000 	 1.091111e-03 	 -2.626610e-11 
75.800000 	 1.077386e-03 	 -2.635647e-11 
75.900000 	 1.069815e-03 	 -2.641154e-11 
76.000000 	 1.068687e-03 	 -2.644285e-11 
76.100000 	 1.074286e-03 	 -2.650813e-11 
76.200000 	 1.086910e-03 	 -2.656297e-11 
76.300000 	 1.106876e-03 	 -2.662626e-11 
76.400000 	 1.134532e-03 	 -2.666778e-11 
76.500000 	 1.170263e-03 	 -2.673595e-11 
76.600000 	 1.214494e-03 	 -2.680078e-11 
76.700000 	 1.267693e-03 	 -2.684541e-11 
76.800000 	 1.330372e-03 	 -2.689871e-11 
76.900000 	 1.403087e-03 	 -2.691425e-11 
77.000000 	 1.486433e-03 	 -2.695377e-11 
77.100000 	 1.581043e-03 	 -2.699974e-11 
77.200000 	 1.687581e-03 	 -2.706679e-11 
77.300000 	 1.806742e-03 	 -2.711165e-11 
77.400000 	 1.939238e-03 	 -2.715228e-11 
77.500000 	 2.085799e-03 	 -2.720402e-11 
77.600000 	 2.247161e-03 	 -2.725131e-11 
77.700000 	 2.424061e-03 	 -2.730971e-11 
77.800000 	 2.617231e-03 	 -2.738743e-11 
77.900000 	 2.827388e-03 	 -2.745804e-11 
78.000000 	 3.055231e-03 	 -2.749201e-11 
78.100000 	 3.301430e-03 	 -2.757927e-11 
78.200000 	 3.566621e-03 	 -2.763789e-11 
78.300000 	 3.851403e-03 	 -2.768141e-11 
78.400000 	 4.156325e-03 	 -2.775025e-11 
78.500000 	 4.481890e-03 	 -2.776512e-11 
78.600000 	 4.828544e-03 	 -2.783862e-11 
78.700000 	 5.196671e-03 	 -2.787748e-11 
78.800000 	 5.586594e-03 	 -2.790879e-11 
78.900000 	 5.998568e-03 	 -2.792899e-11 
79.000000 	 6.432780e-03 	 -2.794875e-11 
79.100000 	 6.889344e-03 	 -2.799605e-11 
79.200000 	 7.368301e-03 	 -2.804668e-11 
79.300000 	 7.869620e-03 	 -2.809486e-11 
79.400000 	 8.393192e-03 	 -2.811773e-11 
79.500000 	 8.938836e-03 	 -2.814526e-11 
79.600000 	 9.506296e-03 	 -2.820832e-11 
79.700000 	 1.009524e-02 	 -2.823608e-11 
79.800000 	 1.070527e-02 	 -2.826961e-11 
79.900000 	 1.133591e-02 	 -2.828848e-11 
80.000000 	 1.198662e-02 	 -2.830580e-11 
80.100000 	 1.265680e-02 	 -2.833977e-11 
80.200000 	 1.334577e-02 	 -2.836331e-11 
80.300000 	 1.405279e-02 	 -2.838640e-11 
80.400000 	 1.477709e-02 	 -2.839573e-11 
80.500000 	 1.551782e-02 	 -2.842460e-11 
80.600000 	 1.627408e-02 	 -2.846123e-11 
80.700000 	 1.704494e-02 	 -2.846035e-11 
80.800000 	 1.782940e-02 	 -2.845857e-11 
80.900000 	 1.862645e-02 	 -2.845524e-11 
81.000000 	 1.943502e-02 	 -2.848277e-11 
81.100000 	 2.025403e-02 	 -2.848211e-11 
81.200000 	 2.108236e-02 	 -2.852807e-11 
81.300000 	 2.191886e-02 	 -2.853873e-11 
81.400000 	 2.276237e-02 	 -2.859468e-11 
81.500000 	 2.361172e-02 	 -2.866418e-11 
81.600000 	 2.446571e-02 	 -2.870193e-11 
81.700000 	 2.532316e-02 	 -2.876166e-11 
81.800000 	 2.618285e-02 	 -2.880851e-11 
81.900000 	 2.704359e-02 	 -2.890532e-11 
82.000000 	 2.790419e-02 	 -2.898548e-11 
82.100000 	 2.876344e-02 	 -2.902834e-11 
82.200000 	 2.962016e-02 	 -2.908629e-11 
82.300000 	 3.047319e-02 	 -2.912004e-11 
82.400000 	 3.132137e-02 	 -2.917400e-11 
82.500000 	 3.216357e-02 	 -2.920530e-11 
82.600000 	 3.299866e-02 	 -2.926437e-11 
82.700000 	 3.382556e-02 	 -2.931855e-11 
82.800000 	 3.464321e-02 	 -2.938316e-11 
82.900000 	 3.545056e-02 	 -2.944955e-11 
83.000000 	 3.624661e-02 	 -2.951439e-11 
83.100000 	 3.703038e-02 	 -2.957279e-11 
83.200000 	 3.780094e-02 	 -2.959877e-11 
83.300000 	 3.855736e-02 	 -2.966472e-11 
83.400000 	 3.929880e-02 	 -2.971645e-11 
83.500000 	 4.002440e-02 	 -2.978506e-11 
83.600000 	 4.073338e-02 	 -2.986100e-11 
83.700000 	 4.142498e-02 	 -2.994804e-11 
83.800000 	 4.209849e-02 	 -3.002243e-11 
83.900000 	 4.275324e-02 	 -3.006173e-11 
84.000000 	 4.338859e-02 	 -3.012257e-11 
84.100000 	 4.400396e-02 	 -3.017342e-11 
84.200000 	 4.459879e-02 	 -3.026046e-11 
84.300000 	 4.517257e-02 	 -3.036149e-11 
84.400000 	 4.572486e-02 	 -3.042100e-11 
84.500000 	 4.625521e-02 	 -3.048317e-11 
84.600000 	 4.676325e-02 	 -3.054534e-11 
84.700000 	 4.724864e-02 	 -3.061307e-11 
84.800000 	 4.771108e-02 	 -3.067413e-11 
84.900000 	 4.815031e-02 	 -3.069900e-11 
85.000000 	 4.856611e-02 	 -3.072520e-11 
85.100000 	 4.895831e-02 	 -3.073075e-11 
85.200000 	 4.932674e-02 	 -3.077671e-11 
85.300000 	 4.967133e-02 	 -3.082889e-11 
85.400000 	 4.999198e-02 	 -3.085576e-11 
85.500000 	 5.028867e-02 	 -3.096612e-11 
85.600000 	 5.056140e-02 	 -3.105627e-11 
85.700000 	 5.081021e-02 	 -3.111067e-11 
85.800000 	 5.103516e-02 	 -3.116418e-11 
85.900000 	 5.123634e-02 	 -3.124323e-11 
86.000000 	 5.141389e-02 	 -3.129719e-11 
86.100000 	 5.156797e-02 	 -3.140865e-11 
86.200000 	 5.169876e-02 	 -3.148171e-11 
86.300000 	 5.180646e-02 	 -3.150946e-11 
86.400000 	 5.189132e-02 	 -3.156919e-11 
86.500000 	 5.195360e-02 	 -3.164291e-11 
86.600000 	 5.199359e-02 	 -3.168554e-11 
86.700000 	 5.201158e-02 	 -3.174572e-11 
86.800000 	 5.200791e-02 	 -3.174638e-11 
86.900000 	 5.198292e-02 	 -3.183054e-11 
87.000000 	 5.193697e-02 	 -3.191092e-11 
87.100000 	 5.187045e-02 	 -3.195066e-11 
87.200000 	 5.178376e-02 	 -3.200706e-11 
87.300000 	 5.167730e-02 	 -3.207035e-11 
87.400000 	 5.155150e-02 	 -3.211098e-11 
87.500000 	 5.140680e-02 	 -3.216205e-11 
87.600000 	 5.124365e-02 	 -3.223866e-11 
87.700000 	 5.106251e-02 	 -3.231682e-11 
87.800000 	 5.086384e-02 	 -3.237099e-11 
87.900000 	 5.064812e-02 	 -3.244938e-11 
88.000000 	 5.041583e-02 	 -3.251155e-11 
88.100000 	 5.016747e-02 	 -3.258127e-11 
88.200000 	 4.990353e-02 	 -3.261502e-11 
88.300000 	 4.962451e-02 	 -3.267653e-11 
88.400000 	 4.933091e-02 	 -3.272449e-11 
88.500000 	 4.902323e-02 	 -3.282796e-11 
88.600000 	 4.870199e-02 	 -3.290701e-11 
88.700000 	 4.836769e-02 	 -3.299072e-11 
88.800000 	 4.802084e-02 	 -3.305600e-11 
88.900000 	 4.766194e-02 	 -3.309331e-11 
89.000000 	 4.729150e-02 	 -3.315059e-11 
89.100000 	 4.691003e-02 	 -3.319922e-11 
89.200000 	 4.651803e-02 	 -3.324185e-11 
89.300000 	 4.611599e-02 	 -3.330758e-11 
89.400000 	 4.570441e-02 	 -3.334444e-11 
89.500000 	 4.528379e-02 	 -3.337286e-11 
89.600000 	 4.485459e-02 	 -3.344436e-11 
89.700000 	 4.441732e-02 	 -3.350431e-11 
89.800000 	 4.397243e-02 	 -3.359069e-11 
89.900000 	 4.352039e-02 	 -3.363754e-11 
90.000000 	 4.306168e-02 	 -3.369216e-11 
90.100000 	 4.259674e-02 	 -3.377010e-11 
90.200000 	 4.212601e-02 	 -3.382650e-11 
90.300000 	 4.164995e-02 	 -3.389111e-11 
90.400000 	 4.116898e-02 	 -3.395439e-11 
90.500000 	 4.068351e-02 	 -3.400125e-11 
90.600000 	 4.019398e-02 	 -3.405476e-11 
90.700000 	 3.970078e-02 	 -3.409184e-11 
90.800000 	 3.920431e-02 	 -3.411960e-11 
90.900000 	 3.870496e-02 	 -3.419354e-11 
91.000000 	 3.820311e-02 	 -3.427747e-11 
91.100000 	 3.769912e-02 	 -3.436740e-11 
91.200000 	 3.719336e-02 	 -3.441980e-11 
91.300000 	 3.668618e-02 	 -3.446843e-11 
91.400000 	 3.617792e-02 	 -3.453904e-11 
91.500000 	 3.566891e-02 	 -3.459011e-11 
91.600000 	 3.515947e-02 	 -3.464273e-11 
91.700000 	 3.464991e-02 	 -3.469358e-11 
91.800000 	 3.414054e-02 	 -3.475664e-11 
91.900000 	 3.363165e-02 	 -3.480505e-11 
92.000000 	 3.312352e-02 	 -3.488232e-11 
92.100000 	 3.261642e-02 	 -3.492873e-11 
92.200000 	 3.211062e-02 	 -3.494205e-11 
92.300000 	 3.160638e-02 	 -3.499867e-11 
92.400000 	 3.110393e-02 	 -3.496758e-11 
92.500000 	 3.060351e-02 	 -3.499845e-11 
92.600000 	 3.010535e-02 	 -3.504264e-11 
92.700000 	 2.960966e-02 	 -3.507883e-11 
92.800000 	 2.911666e-02 	 -3.512235e-11 
92.900000 	 2.862653e-02 	 -3.515854e-11 
93.000000 	 2.813947e-02 	 -3.521428e-11 
93.100000 	 2.765566e-02 	 -3.521738e-11 
93.200000 	 2.717528e-02 	 -3.525491e-11 
93.300000 	 2.669848e-02 	 -3.532019e-11 
93.400000 	 2.622542e-02 	 -3.538347e-11 
93.500000 	 2.575625e-02 	 -3.544121e-11 
93.600000 	 2.529111e-02 	 -3.551293e-11 
93.700000 	 2.483013e-02 	 -3.556155e-11 
93.800000 	 2.437343e-02 	 -3.557199e-11 
93.900000 	 2.392113e-02 	 -3.562528e-11 
94.000000 	 2.347333e-02 	 -3.568124e-11 
94.100000 	 2.303015e-02 	 -3.569345e-11 
94.200000 	 2.259167e-02 	 -3.574052e-11 
94.300000 	 2.215799e-02 	 -3.581668e-11 
94.400000 	 2.172918e-02 	 -3.585598e-11 
94.500000 	 2.130532e-02 	 -3.591638e-11 
94.600000 	 2.088647e-02 	 -3.596612e-11 
94.700000 	 2.047270e-02 	 -3.604628e-11 
94.800000 	 2.006407e-02 	 -3.611045e-11 
94.900000 	 1.966063e-02 	 -3.620726e-11 
95.000000 	 1.926241e-02 	 -3.627298e-11 
95.100000 	 1.886947e-02 	 -3.632716e-11 
95.200000 	 1.848184e-02 	 -3.639311e-11 
95.300000 	 1.809953e-02 	 -3.642575e-11 
95.400000 	 1.772259e-02 	 -3.647926e-11 
95.500000 	 1.735103e-02 	 -3.657608e-11 
95.600000 	 1.698486e-02 	 -3.665668e-11 
95.700000 	 1.662409e-02 	 -3.671952e-11 
95.800000 	 1.626874e-02 	 -3.677703e-11 
95.900000 	 1.591880e-02 	 -3.686007e-11 
96.000000 	 1.557427e-02 	 -3.689826e-11 
96.100000 	 1.523515e-02 	 -3.697731e-11 
96.200000 	 1.490143e-02 	 -3.703016e-11 
96.300000 	 1.457309e-02 	 -3.710188e-11 
96.400000 	 1.425013e-02 	 -3.714185e-11 
96.500000 	 1.393251e-02 	 -3.719869e-11 
96.600000 	 1.362023e-02 	 -3.727840e-11 
96.700000 	 1.331325e-02 	 -3.733791e-11 
96.800000 	 1.301155e-02 	 -3.741141e-11 
96.900000 	 1.271510e-02 	 -3.747558e-11 
97.000000 	 1.242386e-02 	 -3.754241e-11 
97.100000 	 1.213781e-02 	 -3.757505e-11 
97.200000 	 1.185690e-02 	 -3.762279e-11 
97.300000 	 1.158109e-02 	 -3.768452e-11 
97.400000 	 1.131035e-02 	 -3.771894e-11 
97.500000 	 1.104463e-02 	 -3.775513e-11 
97.600000 	 1.078388e-02 	 -3.778333e-11 
97.700000 	 1.052807e-02 	 -3.779776e-11 
97.800000 	 1.027714e-02 	 -3.785594e-11 
97.900000 	 1.003104e-02 	 -3.790568e-11 
98.000000 	 9.789732e-03 	 -3.796541e-11 
98.100000 	 9.553150e-03 	 -3.802691e-11 
98.200000 	 9.321246e-03 	 -3.807732e-11 
98.300000 	 9.093968e-03 	 -3.813883e-11 
98.400000 	 8.871259e-03 	 -3.817080e-11 
98.500000 	 8.653064e-03 	 -3.821943e-11 
98.600000 	 8.439327e-03 	 -3.826273e-11 
98.700000 	 8.229990e-03 	 -3.832090e-11 
98.800000 	 8.024996e-03 	 -3.838707e-11 
98.900000 	 7.824286e-03 	 -3.845768e-11 
99.000000 	 7.627801e-03 	 -3.851874e-11 
99.100000 	 7.435482e-03 	 -3.857292e-11 
99.200000 	 7.247270e-03 	 -3.860645e-11 
99.300000 	 7.063103e-03 	 -3.866618e-11 
99.400000 	 6.882923e-03 	 -3.873946e-11 
99.500000 	 6.706669e-03 	 -3.881784e-11 
99.600000 	 6.534280e-03 	 -3.887934e-11 
99.700000 	 6.365696e-03 	 -3.894240e-11 
99.800000 	 6.200856e-03 	 -3.900569e-11 
99.900000 	 6.039700e-03 	 -3.910250e-11 
100.000000 	 5.882167e-03 	 -3.914713e-11 
100.100000 	 5.728204e-03 	 -3.921907e-11 
100.200000 	 5.577786e-03 	 -3.925771e-11 
100.300000 	 5.430929e-03 	 -3.937006e-11 
100.400000 	 5.287693e-03 	 -3.942069e-11 
100.500000 	 5.148167e-03 	 -3.948264e-11 
100.600000 	 5.012468e-03 	 -3.954548e-11 
100.700000 	 4.880729e-03 	 -3.961009e-11 
100.800000 	 4.753095e-03 	 -3.967093e-11 
100.900000 	 4.629718e-03 	 -3.971223e-11 
101.000000 	 4.510753e-03 	 -3.977485e-11 
101.100000 	 4.396354e-03 	 -3.985234e-11 
101.200000 	 4.286670e-03 	 -3.989542e-11 
101.300000 	 4.181846e-03 	 -3.995826e-11 
101.400000 	 4.082017e-03 	 -4.003020e-11 
101.500000 	 3.987311e-03 	 -4.007394e-11 
101.600000 	 3.897847e-03 	 -4.014566e-11 
101.700000 	 3.813733e-03 	 -4.022183e-11 
101.800000 	 3.735068e-03 	 -4.029199e-11 
101.900000 	 3.661943e-03 	 -4.034462e-11 
102.000000 	 3.594438e-03 	 -4.039813e-11 
102.100000 	 3.532627e-03 	 -4.045675e-11 
102.200000 	 3.476579e-03 	 -4.051826e-11 
102.300000 	 3.426354e-03 	 -4.061373e-11 
102.400000 	 3.382011e-03 	 -4.065459e-11 
102.500000 	 3.343604e-03 	 -4.073608e-11 
102.600000 	 3.311187e-03 	 -4.077427e-11 
102.700000 	 3.284813e-03 	 -4.086442e-11 
102.800000 	 3.264536e-03 	 -4.093614e-11 
102.900000 	 3.250412e-03 	 -4.100476e-11 
103.000000 	 3.242500e-03 	 -4.106715e-11 
103.100000 	 3.240865e-03 	 -4.113576e-11 
103.200000 	 3.245575e-03 	 -4.119327e-11 
103.300000 	 3.256706e-03 	 -4.124989e-11 
103.400000 	 3.274338e-03 	 -4.129075e-11 
103.500000 	 3.298562e-03 	 -4.136913e-11 
103.600000 	 3.329474e-03 	 -4.141820e-11 
103.700000 	 3.367178e-03 	 -4.149903e-11 
103.800000 	 3.411786e-03 	 -4.155809e-11 
103.900000 	 3.463419e-03 	 -4.161160e-11 
104.000000 	 3.522204e-03 	 -4.166223e-11 
104.100000 	 3.588277e-03 	 -4.172462e-11 
104.200000 	 3.661779e-03 	 -4.176037e-11 
104.300000 	 3.742858e-03 	 -4.181655e-11 
104.400000 	 3.831670e-03 	 -4.186518e-11 
104.500000 	 3.928372e-03 	 -4.192247e-11 
104.600000 	 4.033128e-03 	 -4.199951e-11 
104.700000 	 4.146103e-03 	 -4.204792e-11 
104.800000 	 4.267466e-03 	 -4.209499e-11 
104.900000 	 4.397385e-03 	 -4.215295e-11 
105.000000 	 4.536029e-03 	 -4.221068e-11 
105.100000 	 4.683566e-03 	 -4.224820e-11 
105.200000 	 4.840160e-03 	 -4.231238e-11 
105.300000 	 5.005972e-03 	 -4.237277e-11 
105.400000 	 5.181159e-03 	 -4.241962e-11 
105.500000 	 5.365869e-03 	 -4.247847e-11 
105.600000 	 5.560245e-03 	 -4.255440e-11 
105.700000 	 5.764421e-03 	 -4.262213e-11 
105.800000 	 5.978521e-03 	 -4.268030e-11 
105.900000 	 6.202656e-03 	 -4.271672e-11 
106.000000 	 6.436928e-03 	 -4.277312e-11 
106.100000 	 6.681424e-03 	 -4.282685e-11 
106.200000 	 6.936218e-03 	 -4.288547e-11 
106.300000 	 7.201367e-03 	 -4.295275e-11 
106.400000 	 7.476915e-03 	 -4.300360e-11 
106.500000 	 7.762887e-03 	 -4.305600e-11 
106.600000 	 8.059292e-03 	 -4.311396e-11 
106.700000 	 8.366120e-03 	 -4.316858e-11 
106.800000 	 8.683342e-03 	 -4.320921e-11 
106.900000 	 9.010912e-03 	 -4.327538e-11 
107.000000 	 9.348763e-03 	 -4.334488e-11 
107.100000 	 9.696807e-03 	 -4.339129e-11 
107.200000 	 1.005494e-02 	 -4.341261e-11 
107.300000 	 1.042303e-02 	 -4.346634e-11 
107.400000 	 1.080094e-02 	 -4.350453e-11 
107.500000 	 1.118849e-02 	 -4.354339e-11 
107.600000 	 1.158550e-02 	 -4.359579e-11 
107.700000 	 1.199176e-02 	 -4.362555e-11 
107.800000 	 1.240705e-02 	 -4.368128e-11 
107.900000 	 1.283111e-02 	 -4.372391e-11 
108.000000 	 1.326369e-02 	 -4.378875e-11 
108.100000 	 1.370449e-02 	 -4.381140e-11 
108.200000 	 1.415322e-02 	 -4.387934e-11 
108.300000 	 1.460955e-02 	 -4.391443e-11 
108.400000 	 1.507316e-02 	 -4.394241e-11 
108.500000 	 1.554367e-02 	 -4.400169e-11 
108.600000 	 1.602074e-02 	 -4.402945e-11 
108.700000 	 1.650397e-02 	 -4.404410e-11 
108.800000 	 1.699296e-02 	 -4.403011e-11 
108.900000 	 1.748732e-02 	 -4.407075e-11 
109.000000 	 1.798661e-02 	 -4.409451e-11 
109.100000 	 1.849039e-02 	 -4.408895e-11 
109.200000 	 1.899824e-02 	 -4.408451e-11 
109.300000 	 1.950969e-02 	 -4.405987e-11 
109.400000 	 2.002428e-02 	 -4.409739e-11 
109.500000 	 2.054154e-02 	 -4.410228e-11 
109.600000 	 2.106100e-02 	 -4.410361e-11 
109.700000 	 2.158217e-02 	 -4.409584e-11 
109.800000 	 2.210457e-02 	 -4.409917e-11 
109.900000 	 2.262771e-02 	 -4.411627e-11 
110.000000 	 2.315110e-02 	 -4.411693e-11 
110.100000 	 2.367425e-02 	 -4.412626e-11 
110.200000 	 2.419666e-02 	 -4.415401e-11 
110.300000 	 2.471783e-02 	 -4.413736e-11 
110.400000 	 2.523728e-02 	 -4.415424e-11 
110.500000 	 2.575451e-02 	 -4.414802e-11 
110.600000 	 2.626905e-02 	 -4.414757e-11 
110.700000 	 2.678040e-02 	 -4.413958e-11 
110.800000 	 2.728808e-02 	 -4.415335e-11 
110.900000 	 2.779164e-02 	 -4.417977e-11 
111.000000 	 2.829059e-02 	 -4.416378e-11 
111.100000 	 2.878449e-02 	 -4.417888e-11 
111.200000 	 2.927287e-02 	 -4.417577e-11 
111.300000 	 2.975531e-02 	 -4.419265e-11 
111.400000 	 3.023137e-02 	 -4.420664e-11 
111.500000 	 3.070062e-02 	 -4.425393e-11 
111.600000 	 3.116265e-02 	 -4.425349e-11 
111.700000 	 3.161707e-02 	 -4.430278e-11 
111.800000 	 3.206348e-02 	 -4.434964e-11 
111.900000 	 3.250150e-02 	 -4.441314e-11 
112.000000 	 3.293079e-02 	 -4.445577e-11 
112.100000 	 3.335097e-02 	 -4.447753e-11 
112.200000 	 3.376172e-02 	 -4.448752e-11 
112.300000 	 3.416271e-02 	 -4.449618e-11 
112.400000 	 3.455364e-02 	 -4.451994e-11 
112.500000 	 3.493420e-02 	 -4.451151e-11 
112.600000 	 3.530411e-02 	 -4.452416e-11 
112.700000 	 3.566312e-02 	 -4.451151e-11 
112.800000 	 3.601097e-02 	 -4.451195e-11 
112.900000 	 3.634742e-02 	 -4.451239e-11 
113.000000 	 3.667226e-02 	 -4.452949e-11 
113.100000 	 3.698528e-02 	 -4.456702e-11 
113.200000 	 3.728628e-02 	 -4.459433e-11 
113.300000 	 3.757510e-02 	 -4.465273e-11 
113.400000 	 3.785158e-02 	 -4.471334e-11 
113.500000 	 3.811557e-02 	 -4.477974e-11 
113.600000 	 3.836695e-02 	 -4.484391e-11 
113.700000 	 3.860559e-02 	 -4.490119e-11 
113.800000 	 3.883141e-02 	 -4.492984e-11 
113.900000 	 3.904432e-02 	 -4.500711e-11 
114.000000 	 3.924425e-02 	 -4.507128e-11 
114.100000 	 3.943115e-02 	 -4.510103e-11 
114.200000 	 3.960497e-02 	 -4.515344e-11 
114.300000 	 3.976570e-02 	 -4.519385e-11 
114.400000 	 3.991331e-02 	 -4.526490e-11 
114.500000 	 4.004781e-02 	 -4.537126e-11 
114.600000 	 4.016922e-02 	 -4.542811e-11 
114.700000 	 4.027756e-02 	 -4.548828e-11 
114.800000 	 4.037287e-02 	 -4.552447e-11 
114.900000 	 4.045521e-02 	 -4.557910e-11 
115.000000 	 4.052464e-02 	 -4.563483e-11 
115.100000 	 4.058123e-02 	 -4.568612e-11 
115.200000 	 4.062508e-02 	 -4.575806e-11 
115.300000 	 4.065628e-02 	 -4.584155e-11 
115.400000 	 4.067493e-02 	 -4.593659e-11 
115.500000 	 4.068117e-02 	 -4.603651e-11 
115.600000 	 4.067512e-02 	 -4.607248e-11 
115.700000 	 4.065691e-02 	 -4.618284e-11 
115.800000 	 4.062670e-02 	 -4.622835e-11 
115.900000 	 4.058463e-02 	 -4.632139e-11 
116.000000 	 4.053088e-02 	 -4.637157e-11 
116.100000 	 4.046562e-02 	 -4.643175e-11 
116.200000 	 4.038901e-02 	 -4.650880e-11 
116.300000 	 4.030126e-02 	 -4.657408e-11 
116.400000 	 4.020255e-02 	 -4.659495e-11 
116.500000 	 4.009309e-02 	 -4.662470e-11 
116.600000 	 3.997306e-02 	 -4.666401e-11 
116.700000 	 3.984270e-02 	 -4.674194e-11 
116.800000 	 3.970221e-02 	 -4.679590e-11 
116.900000 	 3.955181e-02 	 -4.686052e-11 
117.000000 	 3.939173e-02 	 -4.694911e-11 
117.100000 	 3.922219e-02 	 -4.701195e-11 
117.200000 	 3.904343e-02 	 -4.708856e-11 
117.300000 	 3.885568e-02 	 -4.712919e-11 
117.400000 	 3.865918e-02 	 -4.716050e-11 
117.500000 	 3.845417e-02 	 -4.721801e-11 
117.600000 	 3.824089e-02 	 -4.728395e-11 
117.700000 	 3.801958e-02 	 -4.735901e-11 
117.800000 	 3.779050e-02 	 -4.740230e-11 
117.900000 	 3.755390e-02 	 -4.749068e-11 
118.000000 	 3.731000e-02 	 -4.754397e-11 
118.100000 	 3.705908e-02 	 -4.760881e-11 
118.200000 	 3.680137e-02 	 -4.771028e-11 
118.300000 	 3.653712e-02 	 -4.776224e-11 
118.400000 	 3.626659e-02 	 -4.782574e-11 
118.500000 	 3.599002e-02 	 -4.787593e-11 
118.600000 	 3.570766e-02 	 -4.795031e-11 
118.700000 	 3.541976e-02 	 -4.802869e-11 
118.800000 	 3.512656e-02 	 -4.808753e-11 
118.900000 	 3.482830e-02 	 -4.817458e-11 
119.000000 	 3.452523e-02 	 -4.823630e-11 
119.100000 	 3.421759e-02 	 -4.828538e-11 
119.200000 	 3.390562e-02 	 -4.837641e-11 
119.300000 	 3.358955e-02 	 -4.842482e-11 
119.400000 	 3.326962e-02 	 -4.848144e-11 
119.500000 	 3.294605e-02 	 -4.853540e-11 
119.600000 	 3.261909e-02 	 -4.859024e-11 
119.700000 	 3.228894e-02 	 -4.865774e-11 
119.800000 	 3.195584e-02 	 -4.874723e-11 
119.900000 	 3.162001e-02 	 -4.879919e-11 
120.000000 	 3.128166e-02 	 -4.888312e-11 
120.100000 	 3.094100e-02 	 -4.895639e-11 
120.200000 	 3.059824e-02 	 -4.900436e-11 
120.300000 	 3.025359e-02 	 -4.903700e-11 
120.400000 	 2.990725e-02 	 -4.908829e-11 
120.500000 	 2.955942e-02 	 -4.911538e-11 
120.600000 	 2.921029e-02 	 -4.916467e-11 
120.700000 	 2.886006e-02 	 -4.922707e-11 
120.800000 	 2.850890e-02 	 -4.926526e-11 
120.900000 	 2.815701e-02 	 -4.936074e-11 
121.000000 	 2.780455e-02 	 -4.943157e-11 
121.100000 	 2.745171e-02 	 -4.949707e-11 
121.200000 	 2.709865e-02 	 -4.955814e-11 
121.300000 	 2.674554e-02 	 -4.963296e-11 
121.400000 	 2.639254e-02 	 -4.967715e-11 
121.500000 	 2.603980e-02 	 -4.976242e-11 
121.600000 	 2.568749e-02 	 -4.981215e-11 
121.700000 	 2.533574e-02 	 -4.986012e-11 
121.800000 	 2.498471e-02 	 -4.991341e-11 
121.900000 	 2.463452e-02 	 -4.999468e-11 
122.000000 	 2.428533e-02 	 -5.007039e-11 
122.100000 	 2.393725e-02 	 -5.012968e-11 
122.200000 	 2.359041e-02 	 -5.018297e-11 
122.300000 	 2.324495e-02 	 -5.016831e-11 
122.400000 	 2.290097e-02 	 -5.020362e-11 
122.500000 	 2.255860e-02 	 -5.022716e-11 
122.600000 	 2.221793e-02 	 -5.026535e-11 
122.700000 	 2.187908e-02 	 -5.032019e-11 
122.800000 	 2.154216e-02 	 -5.033929e-11 
122.900000 	 2.120725e-02 	 -5.038658e-11 
123.000000 	 2.087445e-02 	 -5.043654e-11 
123.100000 	 2.054385e-02 	 -5.048695e-11 
123.200000 	 2.021554e-02 	 -5.053757e-11 
123.300000 	 1.988960e-02 	 -5.061906e-11 
123.400000 	 1.956611e-02 	 -5.064327e-11 
123.500000 	 1.924515e-02 	 -5.072320e-11 
123.600000 	 1.892677e-02 	 -5.080558e-11 
123.700000 	 1.861106e-02 	 -5.084400e-11 
123.800000 	 1.829808e-02 	 -5.090306e-11 
123.900000 	 1.798788e-02 	 -5.096923e-11 
124.000000 	 1.768053e-02 	 -5.099587e-11 
124.100000 	 1.737607e-02 	 -5.105427e-11 
124.200000 	 1.707456e-02 	 -5.109468e-11 
124.300000 	 1.677605e-02 	 -5.116974e-11 
124.400000 	 1.648057e-02 	 -5.122813e-11 
124.500000 	 1.618818e-02 	 -5.125811e-11 
124.600000 	 1.589890e-02 	 -5.130207e-11 
124.700000 	 1.561277e-02 	 -5.133249e-11 
124.800000 	 1.532983e-02 	 -5.139889e-11 
124.900000 	 1.505010e-02 	 -5.146616e-11 
125.000000 	 1.477361e-02 	 -5.152545e-11 
125.100000 	 1.450038e-02 	 -5.156831e-11 
125.200000 	 1.423044e-02 	 -5.163292e-11 
125.300000 	 1.396381e-02 	 -5.167267e-11 
125.400000 	 1.370051e-02 	 -5.171952e-11 
125.500000 	 1.344056e-02 	 -5.179213e-11 
125.600000 	 1.318400e-02 	 -5.184186e-11 
125.700000 	 1.293087e-02 	 -5.187095e-11 
125.800000 	 1.268119e-02 	 -5.194001e-11 
125.900000 	 1.243502e-02 	 -5.199552e-11 
126.000000 	 1.219241e-02 	 -5.208212e-11 
126.100000 	 1.195340e-02 	 -5.214429e-11 
126.200000 	 1.171808e-02 	 -5.217959e-11 
126.300000 	 1.148649e-02 	 -5.223799e-11 
126.400000 	 1.125872e-02 	 -5.227663e-11 
126.500000 	 1.103483e-02 	 -5.231504e-11 
126.600000 	 1.081491e-02 	 -5.236456e-11 
126.700000 	 1.059903e-02 	 -5.242029e-11 
126.800000 	 1.038728e-02 	 -5.248957e-11 
126.900000 	 1.017974e-02 	 -5.253842e-11 
127.000000 	 9.976496e-03 	 -5.259215e-11 
127.100000 	 9.777630e-03 	 -5.262812e-11 
127.200000 	 9.583227e-03 	 -5.267098e-11 
127.300000 	 9.393370e-03 	 -5.270118e-11 
127.400000 	 9.208140e-03 	 -5.275713e-11 
127.500000 	 9.027615e-03 	 -5.281908e-11 
127.600000 	 8.851872e-03 	 -5.288925e-11 
127.700000 	 8.680983e-03 	 -5.295409e-11 
127.800000 	 8.515018e-03 	 -5.302114e-11 
127.900000 	 8.354042e-03 	 -5.309353e-11 
128.000000 	 8.198118e-03 	 -5.316414e-11 
128.100000 	 8.047303e-03 	 -5.321099e-11 
128.200000 	 7.901651e-03 	 -5.327627e-11 
128.300000 	 7.761211e-03 	 -5.335798e-11 
128.400000 	 7.626027e-03 	 -5.342815e-11 
128.500000 	 7.496141e-03 	 -5.348255e-11 
128.600000 	 7.371588e-03 	 -5.356426e-11 
128.700000 	 7.252400e-03 	 -5.363376e-11 
128.800000 	 7.138606e-03 	 -5.369594e-11 
128.900000 	 7.030231e-03 	 -5.375123e-11 
129.000000 	 6.927295e-03 	 -5.380074e-11 
129.100000 	 6.829815e-03 	 -5.388046e-11 
129.200000 	 6.737808e-03 	 -5.390977e-11 
129.300000 	 6.651283e-03 	 -5.400502e-11 
129.400000 	 6.570251e-03 	 -5.406497e-11 
129.500000 	 6.494720e-03 	 -5.414047e-11 
129.600000 	 6.424695e-03 	 -5.419909e-11 
129.700000 	 6.360181e-03 	 -5.425882e-11 
129.800000 	 6.301180e-03 	 -5.433609e-11 
129.900000 	 6.247696e-03 	 -5.438494e-11 
130.000000 	 6.199730e-03 	 -5.441447e-11 
130.100000 	 6.157284e-03 	 -5.446488e-11 
130.200000 	 6.120361e-03 	 -5.453860e-11 
130.300000 	 6.088963e-03 	 -5.460343e-11 
130.400000 	 6.063094e-03 	 -5.465073e-11 
130.500000 	 6.042758e-03 	 -5.470313e-11 
130.600000 	 6.027959e-03 	 -5.473932e-11 
130.700000 	 6.018706e-03 	 -5.479950e-11 
130.800000 	 6.015006e-03 	 -5.485545e-11 
130.900000 	 6.016869e-03 	 -5.491962e-11 
131.000000 	 6.024307e-03 	 -5.499290e-11 
131.100000 	 6.037334e-03 	 -5.506240e-11 
131.200000 	 6.055964e-03 	 -5.507794e-11 
131.300000 	 6.080215e-03 	 -5.513145e-11 
131.400000 	 6.110105e-03 	 -5.520984e-11 
131.500000 	 6.145657e-03 	 -5.525669e-11 
131.600000 	 6.186892e-03 	 -5.532153e-11 
131.700000 	 6.233834e-03 	 -5.535883e-11 
131.800000 	 6.286510e-03 	 -5.542322e-11 
131.900000 	 6.344946e-03 	 -5.550138e-11 
132.000000 	 6.409171e-03 	 -5.556045e-11 
132.100000 	 6.479213e-03 	 -5.564083e-11 
132.200000 	 6.555103e-03 	 -5.571676e-11 
132.300000 	 6.636871e-03 	 -5.580203e-11 
132.400000 	 6.724547e-03 	 -5.584821e-11 
132.500000 	 6.818163e-03 	 -5.590306e-11 
132.600000 	 6.917748e-03 	 -5.595413e-11 
132.700000 	 7.023331e-03 	 -5.606138e-11 
132.800000 	 7.134942e-03 	 -5.615419e-11 
132.900000 	 7.252608e-03 	 -5.625211e-11 
133.000000 	 7.376353e-03 	 -5.629897e-11 
133.100000 	 7.506202e-03 	 -5.633805e-11 
133.200000 	 7.642175e-03 	 -5.640644e-11 
133.300000 	 7.784292e-03 	 -5.646861e-11 
133.400000 	 7.932567e-03 	 -5.651346e-11 
133.500000 	 8.087013e-03 	 -5.657963e-11 
133.600000 	 8.247637e-03 	 -5.663092e-11 
133.700000 	 8.414445e-03 	 -5.667955e-11 
133.800000 	 8.587436e-03 	 -5.672574e-11 
133.900000 	 8.766605e-03 	 -5.679035e-11 
134.000000 	 8.951943e-03 	 -5.688383e-11 
134.100000 	 9.143434e-03 	 -5.693446e-11 
134.200000 	 9.341057e-03 	 -5.698153e-11 
134.300000 	 9.544787e-03 	 -5.704415e-11 
134.400000 	 9.754591e-03 	 -5.712608e-11 
134.500000 	 9.970430e-03 	 -5.718492e-11 
134.600000 	 1.019226e-02 	 -5.723666e-11 
134.700000 	 1.042002e-02 	 -5.729817e-11 
134.800000 	 1.065367e-02 	 -5.737766e-11 
134.900000 	 1.089313e-02 	 -5.742584e-11 
135.000000 	 1.113832e-02 	 -5.748046e-11 
135.100000 	 1.138918e-02 	 -5.754974e-11 
135.200000 	 1.164561e-02 	 -5.762391e-11 
135.300000 	 1.190752e-02 	 -5.765854e-11 
135.400000 	 1.217480e-02 	 -5.774425e-11 
135.500000 	 1.244734e-02 	 -5.781731e-11 
135.600000 	 1.272503e-02 	 -5.788436e-11 
135.700000 	 1.300774e-02 	 -5.791878e-11 
135.800000 	 1.329535e-02 	 -5.797962e-11 
135.900000 	 1.358770e-02 	 -5.804179e-11 
136.000000 	 1.388466e-02 	 -5.809553e-11 
136.100000 	 1.418606e-02 	 -5.818479e-11 
136.200000 	 1.449175e-02 	 -5.828249e-11 
136.300000 	 1.480157e-02 	 -5.835799e-11 
136.400000 	 1.511533e-02 	 -5.842793e-11 
136.500000 	 1.543285e-02 	 -5.849743e-11 
136.600000 	 1.575395e-02 	 -5.856449e-11 
136.700000 	 1.607844e-02 	 -5.861311e-11 
136.800000 	 1.640610e-02 	 -5.869394e-11 
136.900000 	 1.673675e-02 	 -5.876388e-11 
137.000000 	 1.707017e-02 	 -5.882250e-11 
137.100000 	 1.740614e-02 	 -5.892242e-11 
137.200000 	 1.774444e-02 	 -5.900525e-11 
137.300000 	 1.808485e-02 	 -5.907741e-11 
137.400000 	 1.842714e-02 	 -5.919243e-11 
137.500000 	 1.877108e-02 	 -5.925282e-11 
137.600000 	 1.911643e-02 	 -5.932810e-11 
137.700000 	 1.946295e-02 	 -5.937584e-11 
137.800000 	 1.981040e-02 	 -5.941359e-11 
137.900000 	 2.015853e-02 	 -5.947820e-11 
138.000000 	 2.050709e-02 	 -5.955347e-11 
138.100000 	 2.085585e-02 	 -5.962830e-11 
138.200000 	 2.120454e-02 	 -5.966139e-11 
138.300000 	 2.155291e-02 	 -5.973644e-11 
138.400000 	 2.190072e-02 	 -5.979772e-11 
138.500000 	 2.224771e-02 	 -5.989031e-11 
138.600000 	 2.259362e-02 	 -5.996248e-11 
138.700000 	 2.293821e-02 	 -6.004486e-11 
138.800000 	 2.328122e-02 	 -6.009082e-11 
138.900000 	 2.362240e-02 	 -6.013678e-11 
139.000000 	 2.396151e-02 	 -6.017897e-11 
139.100000 	 2.429829e-02 	 -6.023360e-11 
139.200000 	 2.463249e-02 	 -6.028933e-11 
139.300000 	 2.496388e-02 	 -6.035417e-11 
139.400000 	 2.529222e-02 	 -6.040146e-11 
139.500000 	 2.561726e-02 	 -6.044898e-11 
139.600000 	 2.593877e-02 	 -6.051182e-11 
139.700000 	 2.625651e-02 	 -6.057888e-11 
139.800000 	 2.657027e-02 	 -6.063172e-11 
139.900000 	 2.687982e-02 	 -6.067835e-11 
140.000000 	 2.718494e-02 	 -6.071410e-11 
140.100000 	 2.748541e-02 	 -6.072387e-11 
140.200000 	 2.778102e-02 	 -6.074496e-11 
140.300000 	 2.807157e-02 	 -6.072920e-11 
140.400000 	 2.835687e-02 	 -6.076317e-11 
140.500000 	 2.863671e-02 	 -6.079537e-11 
140.600000 	 2.891090e-02 	 -6.082956e-11 
140.700000 	 2.917928e-02 	 -6.089618e-11 
140.800000 	 2.944165e-02 	 -6.096990e-11 
140.900000 	 2.969785e-02 	 -6.101719e-11 
141.000000 	 2.994772e-02 	 -6.108869e-11 
141.100000 	 3.019110e-02 	 -6.114553e-11 
141.200000 	 3.042784e-02 	 -6.122836e-11 
141.300000 	 3.065779e-02 	 -6.131518e-11 
141.400000 	 3.088081e-02 	 -6.134382e-11 
141.500000 	 3.109678e-02 	 -6.140466e-11 
141.600000 	 3.130558e-02 	 -6.144685e-11 
141.700000 	 3.150708e-02 	 -6.151102e-11 
141.800000 	 3.170118e-02 	 -6.156786e-11 
141.900000 	 3.188778e-02 	 -6.163470e-11 
142.000000 	 3.206678e-02 	 -6.172507e-11 
142.100000 	 3.223809e-02 	 -6.176060e-11 
142.200000 	 3.240164e-02 	 -6.180723e-11 
142.300000 	 3.255734e-02 	 -6.187939e-11 
142.400000 	 3.270515e-02 	 -6.195222e-11 
142.500000 	 3.284498e-02 	 -6.200107e-11 
142.600000 	 3.297680e-02 	 -6.210210e-11 
142.700000 	 3.310056e-02 	 -6.217959e-11 
142.800000 	 3.321622e-02 	 -6.225442e-11 
142.900000 	 3.332375e-02 	 -6.230128e-11 
143.000000 	 3.342313e-02 	 -6.237055e-11 
143.100000 	 3.351434e-02 	 -6.240697e-11 
143.200000 	 3.359736e-02 	 -6.247403e-11 
143.300000 	 3.367221e-02 	 -6.251089e-11 
143.400000 	 3.373887e-02 	 -6.259882e-11 
143.500000 	 3.379736e-02 	 -6.268186e-11 
143.600000 	 3.384770e-02 	 -6.276624e-11 
143.700000 	 3.388990e-02 	 -6.283529e-11 
143.800000 	 3.392400e-02 	 -6.290990e-11 
143.900000 	 3.395003e-02 	 -6.295675e-11 
144.000000 	 3.396802e-02 	 -6.303713e-11 
144.100000 	 3.397803e-02 	 -6.308820e-11 
144.200000 	 3.398011e-02 	 -6.314727e-11 
144.300000 	 3.397430e-02 	 -6.323253e-11 
144.400000 	 3.396068e-02 	 -6.331002e-11 
144.500000 	 3.393932e-02 	 -6.337131e-11 
144.600000 	 3.391027e-02 	 -6.343126e-11 
144.700000 	 3.387362e-02 	 -6.348078e-11 
144.800000 	 3.382945e-02 	 -6.354939e-11 
144.900000 	 3.377785e-02 	 -6.361467e-11 
145.000000 	 3.371890e-02 	 -6.366818e-11 
145.100000 	 3.365270e-02 	 -6.374323e-11 
145.200000 	 3.357935e-02 	 -6.383849e-11 
145.300000 	 3.349895e-02 	 -6.393153e-11 
145.400000 	 3.341160e-02 	 -6.398215e-11 
145.500000 	 3.331742e-02 	 -6.401124e-11 
145.600000 	 3.321651e-02 	 -6.405987e-11 
145.700000 	 3.310899e-02 	 -6.413381e-11 
145.800000 	 3.299498e-02 	 -6.418710e-11 
145.900000 	 3.287460e-02 	 -6.424705e-11 
146.000000 	 3.274797e-02 	 -6.435230e-11 
146.100000 	 3.261522e-02 	 -6.442868e-11 
146.200000 	 3.247648e-02 	 -6.450107e-11 
146.300000 	 3.233187e-02 	 -6.459233e-11 
146.400000 	 3.218153e-02 	 -6.468248e-11 
146.500000 	 3.202559e-02 	 -6.475065e-11 
146.600000 	 3.186419e-02 	 -6.483658e-11 
146.700000 	 3.169747e-02 	 -6.488543e-11 
146.800000 	 3.152555e-02 	 -6.493983e-11 
146.900000 	 3.134859e-02 	 -6.502376e-11 
147.000000 	 3.116672e-02 	 -6.508016e-11 
147.100000 	 3.098009e-02 	 -6.513234e-11 
147.200000 	 3.078882e-02 	 -6.518852e-11 
147.300000 	 3.059308e-02 	 -6.525958e-11 
147.400000 	 3.039300e-02 	 -6.529421e-11 
147.500000 	 3.018871e-02 	 -6.535084e-11 
147.600000 	 2.998038e-02 	 -6.538414e-11 
147.700000 	 2.976813e-02 	 -6.541812e-11 
147.800000 	 2.955212e-02 	 -6.549739e-11 
147.900000 	 2.933248e-02 	 -6.553891e-11 
148.000000 	 2.910937e-02 	 -6.562018e-11 
148.100000 	 2.888291e-02 	 -6.568412e-11 
148.200000 	 2.865325e-02 	 -6.573742e-11 
148.300000 	 2.842054e-02 	 -6.581247e-11 
148.400000 	 2.818491e-02 	 -6.589396e-11 
148.500000 	 2.794650e-02 	 -6.595680e-11 
148.600000 	 2.770545e-02 	 -6.598655e-11 
148.700000 	 2.746191e-02 	 -6.603096e-11 
148.800000 	 2.721599e-02 	 -6.608691e-11 
148.900000 	 2.696785e-02 	 -6.615375e-11 
149.000000 	 2.671760e-02 	 -6.624479e-11 
149.100000 	 2.646540e-02 	 -6.632628e-11 
149.200000 	 2.621135e-02 	 -6.640533e-11 
149.300000 	 2.595561e-02 	 -6.644996e-11 
149.400000 	 2.569828e-02 	 -6.652257e-11 
149.500000 	 2.543950e-02 	 -6.657519e-11 
149.600000 	 2.517940e-02 	 -6.664824e-11 
149.700000 	 2.491809e-02 	 -6.669332e-11 
149.800000 	 2.465569e-02 	 -6.674705e-11 
149.900000 	 2.439233e-02 	 -6.678769e-11 
