#time 	S+S- 	 norm 
0.0000000000  	 1.0000000000 	 1.0000000000 	 0.0000000000 	 1.0000000000 
0.0300000000 	 0.9972255236 	 0.9972228987 	 -0.0089698048 	 1.0000013821 
0.0600000000 	 0.9942978443 	 0.9942926245 	 -0.0178762178 	 1.0000027677 
0.0900000000 	 0.9912185384 	 0.9912107545 	 -0.0267165824 	 1.0000041569 
0.1200000000 	 0.9879892251 	 0.9879789092 	 -0.0354882744 	 1.0000055495 
0.1500000000 	 0.9846115664 	 0.9845987515 	 -0.0441887028 	 1.0000069455 
0.1800000000 	 0.9810872661 	 0.9810719860 	 -0.0528153101 	 1.0000083450 
0.2100000000 	 0.9774180687 	 0.9774003585 	 -0.0613655734 	 1.0000097478 
0.2400000000 	 0.9736057596 	 0.9735856550 	 -0.0698370049 	 1.0000111540 
0.2700000000 	 0.9696521633 	 0.9696297011 	 -0.0782271527 	 1.0000125634 
0.3000000000 	 0.9655591434 	 0.9655343612 	 -0.0865336013 	 1.0000139761 
0.3300000000 	 0.9613286015 	 0.9613015376 	 -0.0947539723 	 1.0000153921 
0.3600000000 	 0.9569624765 	 0.9569331703 	 -0.1028859252 	 1.0000168112 
0.3900000000 	 0.9524627438 	 0.9524312352 	 -0.1109271576 	 1.0000182335 
0.4200000000 	 0.9478314145 	 0.9477977443 	 -0.1188754062 	 1.0000196588 
0.4500000000 	 0.9430705346 	 0.9430347444 	 -0.1267284474 	 1.0000210873 
0.4800000000 	 0.9381821843 	 0.9381443162 	 -0.1344840974 	 1.0000225187 
0.5100000000 	 0.9331684770 	 0.9331285739 	 -0.1421402133 	 1.0000239531 
0.5400000000 	 0.9280315586 	 0.9279896639 	 -0.1496946934 	 1.0000253905 
0.5700000000 	 0.9227736066 	 0.9227297643 	 -0.1571454774 	 1.0000268307 
0.6000000000 	 0.9173968292 	 0.9173510841 	 -0.1644905476 	 1.0000282738 
0.6300000000 	 0.9119034647 	 0.9118558620 	 -0.1717279288 	 1.0000297197 
0.6600000000 	 0.9062957805 	 0.9062463658 	 -0.1788556891 	 1.0000311683 
0.6900000000 	 0.9005760721 	 0.9005248916 	 -0.1858719402 	 1.0000326196 
0.7200000000 	 0.8947466623 	 0.8946937627 	 -0.1927748379 	 1.0000340735 
0.7500000000 	 0.8888099007 	 0.8887553290 	 -0.1995625824 	 1.0000355300 
0.7800000000 	 0.8827681623 	 0.8827119658 	 -0.2062334189 	 1.0000369891 
0.8100000000 	 0.8766238467 	 0.8765660734 	 -0.2127856381 	 1.0000384507 
0.8400000000 	 0.8703793778 	 0.8703200755 	 -0.2192175760 	 1.0000399147 
0.8700000000 	 0.8640372020 	 0.8639764192 	 -0.2255276150 	 1.0000413812 
0.9000000000 	 0.8575997880 	 0.8575375734 	 -0.2317141836 	 1.0000428499 
0.9300000000 	 0.8510696256 	 0.8510060280 	 -0.2377757573 	 1.0000443210 
0.9600000000 	 0.8444492251 	 0.8443842935 	 -0.2437108584 	 1.0000457942 
0.9900000000 	 0.8377411158 	 0.8376748995 	 -0.2495180566 	 1.0000472697 
1.0200000000 	 0.8309478458 	 0.8308803941 	 -0.2551959693 	 1.0000487473 
1.0500000000 	 0.8240719806 	 0.8240033429 	 -0.2607432616 	 1.0000502269 
1.0800000000 	 0.8171161024 	 0.8170463282 	 -0.2661586467 	 1.0000517086 
1.1100000000 	 0.8100828091 	 0.8100119479 	 -0.2714408863 	 1.0000531922 
1.1400000000 	 0.8029747134 	 0.8029028147 	 -0.2765887904 	 1.0000546777 
1.1700000000 	 0.7957944420 	 0.7957215554 	 -0.2816012180 	 1.0000561650 
1.2000000000 	 0.7885446346 	 0.7884708095 	 -0.2864770767 	 1.0000576542 
1.2300000000 	 0.7812279430 	 0.7811532286 	 -0.2912153235 	 1.0000591451 
1.2600000000 	 0.7738470300 	 0.7737714756 	 -0.2958149642 	 1.0000606376 
1.2900000000 	 0.7664045687 	 0.7663282235 	 -0.3002750544 	 1.0000621318 
1.3200000000 	 0.7589032418 	 0.7588261546 	 -0.3045946988 	 1.0000636275 
1.3500000000 	 0.7513457401 	 0.7512679595 	 -0.3087730518 	 1.0000651247 
1.3800000000 	 0.7437347621 	 0.7436563365 	 -0.3128093173 	 1.0000666233 
1.4100000000 	 0.7360730127 	 0.7359939903 	 -0.3167027490 	 1.0000681233 
1.4400000000 	 0.7283632027 	 0.7282836313 	 -0.3204526502 	 1.0000696246 
1.4700000000 	 0.7206080476 	 0.7205279746 	 -0.3240583741 	 1.0000711272 
1.5000000000 	 0.7128102667 	 0.7127297393 	 -0.3275193234 	 1.0000726310 
1.5300000000 	 0.7049725823 	 0.7048916472 	 -0.3308349509 	 1.0000741359 
1.5600000000 	 0.6970977188 	 0.6970164222 	 -0.3340047589 	 1.0000756419 
1.5900000000 	 0.6891884016 	 0.6891067896 	 -0.3370282993 	 1.0000771490 
1.6200000000 	 0.6812473567 	 0.6811654745 	 -0.3399051739 	 1.0000786569 
1.6500000000 	 0.6732773091 	 0.6731952016 	 -0.3426350339 	 1.0000801658 
1.6800000000 	 0.6652809825 	 0.6651986940 	 -0.3452175799 	 1.0000816755 
1.7100000000 	 0.6572610982 	 0.6571786724 	 -0.3476525622 	 1.0000831860 
1.7400000000 	 0.6492203741 	 0.6491378542 	 -0.3499397800 	 1.0000846972 
1.7700000000 	 0.6411615240 	 0.6410789526 	 -0.3520790819 	 1.0000862091 
1.8000000000 	 0.6330872567 	 0.6330046757 	 -0.3540703652 	 1.0000877215 
1.8300000000 	 0.6250002752 	 0.6249177257 	 -0.3559135763 	 1.0000892345 
1.8600000000 	 0.6169032754 	 0.6168207981 	 -0.3576087101 	 1.0000907479 
1.8900000000 	 0.6087989460 	 0.6087165806 	 -0.3591558100 	 1.0000922618 
1.9200000000 	 0.6006899671 	 0.6006077527 	 -0.3605549674 	 1.0000937760 
1.9500000000 	 0.5925790093 	 0.5924969842 	 -0.3618063220 	 1.0000952905 
1.9800000000 	 0.5844687334 	 0.5843869351 	 -0.3629100613 	 1.0000968053 
2.0100000000 	 0.5763617890 	 0.5762802543 	 -0.3638664199 	 1.0000983202 
2.0400000000 	 0.5682608141 	 0.5681795787 	 -0.3646756801 	 1.0000998352 
2.0700000000 	 0.5601684339 	 0.5600875328 	 -0.3653381709 	 1.0001013503 
2.1000000000 	 0.5520872602 	 0.5520067276 	 -0.3658542680 	 1.0001028654 
2.1300000000 	 0.5440198909 	 0.5439397600 	 -0.3662243936 	 1.0001043804 
2.1600000000 	 0.5359689085 	 0.5358892116 	 -0.3664490158 	 1.0001058953 
2.1900000000 	 0.5279368801 	 0.5278576483 	 -0.3665286484 	 1.0001074101 
2.2200000000 	 0.5199263558 	 0.5198476197 	 -0.3664638505 	 1.0001089245 
2.2500000000 	 0.5119398687 	 0.5118616576 	 -0.3662552262 	 1.0001104387 
2.2800000000 	 0.5039799337 	 0.5039022761 	 -0.3659034243 	 1.0001119526 
2.3100000000 	 0.4960490470 	 0.4959719702 	 -0.3654091376 	 1.0001134660 
2.3400000000 	 0.4881496851 	 0.4880732154 	 -0.3647731029 	 1.0001149789 
2.3700000000 	 0.4802843041 	 0.4802084668 	 -0.3639961002 	 1.0001164914 
2.4000000000 	 0.4724553393 	 0.4723801585 	 -0.3630789526 	 1.0001180032 
2.4300000000 	 0.4646652041 	 0.4645907030 	 -0.3620225255 	 1.0001195145 
2.4600000000 	 0.4569162896 	 0.4568424902 	 -0.3608277267 	 1.0001210250 
2.4900000000 	 0.4492109635 	 0.4491378867 	 -0.3594955051 	 1.0001225348 
2.5200000000 	 0.4415515700 	 0.4414792355 	 -0.3580268512 	 1.0001240438 
2.5500000000 	 0.4339404287 	 0.4338688552 	 -0.3564227957 	 1.0001255519 
2.5800000000 	 0.4263798340 	 0.4263090389 	 -0.3546844098 	 1.0001270591 
2.6100000000 	 0.4188720546 	 0.4188020542 	 -0.3528128039 	 1.0001285654 
2.6400000000 	 0.4114193327 	 0.4113501421 	 -0.3508091277 	 1.0001300707 
2.6700000000 	 0.4040238835 	 0.4039555166 	 -0.3486745696 	 1.0001315749 
2.7000000000 	 0.3966878945 	 0.3966203640 	 -0.3464103556 	 1.0001330780 
2.7300000000 	 0.3894135249 	 0.3893468424 	 -0.3440177495 	 1.0001345799 
2.7600000000 	 0.3822029051 	 0.3821370808 	 -0.3414980519 	 1.0001360807 
2.7900000000 	 0.3750581360 	 0.3749931790 	 -0.3388525995 	 1.0001375801 
2.8200000000 	 0.3679812886 	 0.3679172066 	 -0.3360827650 	 1.0001390783 
2.8500000000 	 0.3609744032 	 0.3609112027 	 -0.3331899561 	 1.0001405751 
2.8800000000 	 0.3540394889 	 0.3539771754 	 -0.3301756150 	 1.0001420705 
2.9100000000 	 0.3471785235 	 0.3471171010 	 -0.3270412180 	 1.0001435644 
2.9400000000 	 0.3403934523 	 0.3403329235 	 -0.3237882744 	 1.0001450568 
2.9700000000 	 0.3336861881 	 0.3336265545 	 -0.3204183264 	 1.0001465477 
3.0000000000 	 0.3270586104 	 0.3269998724 	 -0.3169329482 	 1.0001480370 
3.0300000000 	 0.3205125652 	 0.3204547217 	 -0.3133337453 	 1.0001495247 
3.0600000000 	 0.3140498644 	 0.3139929130 	 -0.3096223541 	 1.0001510107 
3.0900000000 	 0.3076722852 	 0.3076162224 	 -0.3058004409 	 1.0001524950 
3.1200000000 	 0.3013815698 	 0.3013263908 	 -0.3018697015 	 1.0001539775 
3.1500000000 	 0.2951794252 	 0.2951251237 	 -0.2978318604 	 1.0001554582 
3.1800000000 	 0.2890675222 	 0.2890140909 	 -0.2936886703 	 1.0001569371 
3.2100000000 	 0.2830474957 	 0.2829949257 	 -0.2894419111 	 1.0001584141 
3.2400000000 	 0.2771209436 	 0.2770692249 	 -0.2850933895 	 1.0001598892 
3.2700000000 	 0.2712894270 	 0.2712385485 	 -0.2806449380 	 1.0001613623 
3.3000000000 	 0.2655544696 	 0.2655044186 	 -0.2760984146 	 1.0001628335 
3.3300000000 	 0.2599175574 	 0.2598683201 	 -0.2714557019 	 1.0001643026 
3.3600000000 	 0.2543801383 	 0.2543316996 	 -0.2667187060 	 1.0001657696 
3.3900000000 	 0.2489436217 	 0.2488959653 	 -0.2618893565 	 1.0001672345 
3.4200000000 	 0.2436093786 	 0.2435624868 	 -0.2569696054 	 1.0001686973 
3.4500000000 	 0.2383787408 	 0.2383325947 	 -0.2519614260 	 1.0001701579 
3.4800000000 	 0.2332530010 	 0.2332075803 	 -0.2468668130 	 1.0001716164 
3.5100000000 	 0.2282334121 	 0.2281886956 	 -0.2416877810 	 1.0001730726 
3.5400000000 	 0.2233211875 	 0.2232771526 	 -0.2364263644 	 1.0001745265 
3.5700000000 	 0.2185175006 	 0.2184741234 	 -0.2310846159 	 1.0001759781 
3.6000000000 	 0.2138234844 	 0.2137807398 	 -0.2256646065 	 1.0001774275 
3.6300000000 	 0.2092402316 	 0.2091980934 	 -0.2201684243 	 1.0001788744 
3.6600000000 	 0.2047687942 	 0.2047272349 	 -0.2145981740 	 1.0001803190 
3.6900000000 	 0.2004101835 	 0.2003691743 	 -0.2089559759 	 1.0001817612 
3.7200000000 	 0.1961653696 	 0.1961248808 	 -0.2032439653 	 1.0001832010 
3.7500000000 	 0.1920352817 	 0.1919952822 	 -0.1974642918 	 1.0001846383 
3.7800000000 	 0.1880208076 	 0.1879812653 	 -0.1916191182 	 1.0001860731 
3.8100000000 	 0.1841227938 	 0.1840836754 	 -0.1857106202 	 1.0001875055 
3.8400000000 	 0.1803420453 	 0.1803033163 	 -0.1797409855 	 1.0001889353 
3.8700000000 	 0.1766793254 	 0.1766409503 	 -0.1737124127 	 1.0001903626 
3.9000000000 	 0.1731353559 	 0.1730972979 	 -0.1676271110 	 1.0001917873 
3.9300000000 	 0.1697108166 	 0.1696730380 	 -0.1614872992 	 1.0001932094 
3.9600000000 	 0.1664063457 	 0.1663688078 	 -0.1552952049 	 1.0001946290 
3.9900000000 	 0.1632225395 	 0.1631852024 	 -0.1490530638 	 1.0001960459 
4.0200000000 	 0.1601599526 	 0.1601227752 	 -0.1427631191 	 1.0001974602 
4.0500000000 	 0.1572190974 	 0.1571820379 	 -0.1364276203 	 1.0001988719 
4.0800000000 	 0.1544004446 	 0.1543634602 	 -0.1300488230 	 1.0002002809 
4.1100000000 	 0.1517044232 	 0.1516674697 	 -0.1236289877 	 1.0002016872 
4.1400000000 	 0.1491314200 	 0.1490944528 	 -0.1171703792 	 1.0002030908 
4.1700000000 	 0.1466817804 	 0.1466447535 	 -0.1106752659 	 1.0002044918 
4.2000000000 	 0.1443558078 	 0.1443186744 	 -0.1041459189 	 1.0002058900 
4.2300000000 	 0.1421537641 	 0.1421164765 	 -0.0975846114 	 1.0002072855 
4.2600000000 	 0.1400758695 	 0.1400383792 	 -0.0909936178 	 1.0002086783 
4.2900000000 	 0.1381223027 	 0.1380845602 	 -0.0843752131 	 1.0002100684 
4.3200000000 	 0.1362932012 	 0.1362551562 	 -0.0777316720 	 1.0002114557 
4.3500000000 	 0.1345886610 	 0.1345502625 	 -0.0710652684 	 1.0002128403 
4.3800000000 	 0.1330087372 	 0.1329699332 	 -0.0643782743 	 1.0002142221 
4.4100000000 	 0.1315534439 	 0.1315141817 	 -0.0576729593 	 1.0002156012 
4.4400000000 	 0.1302227542 	 0.1301829803 	 -0.0509515900 	 1.0002169775 
4.4700000000 	 0.1290166008 	 0.1289762611 	 -0.0442164289 	 1.0002183510 
4.5000000000 	 0.1279348757 	 0.1278939153 	 -0.0374697339 	 1.0002197218 
4.5300000000 	 0.1269774310 	 0.1269357942 	 -0.0307137577 	 1.0002210898 
4.5600000000 	 0.1261440784 	 0.1261017089 	 -0.0239507469 	 1.0002224551 
4.5900000000 	 0.1254345900 	 0.1253914310 	 -0.0171829411 	 1.0002238176 
4.6200000000 	 0.1248486982 	 0.1248046922 	 -0.0104125728 	 1.0002251773 
4.6500000000 	 0.1243860962 	 0.1243411850 	 -0.0036418661 	 1.0002265343 
4.6800000000 	 0.1240464380 	 0.1240005629 	 0.0031269639 	 1.0002278885 
4.7100000000 	 0.1238293388 	 0.1237824407 	 0.0098917112 	 1.0002292400 
4.7400000000 	 0.1237343754 	 0.1236863944 	 0.0166501806 	 1.0002305887 
4.7700000000 	 0.1237610862 	 0.1237119622 	 0.0234001873 	 1.0002319347 
4.8000000000 	 0.1239089718 	 0.1238586440 	 0.0301395585 	 1.0002332780 
4.8300000000 	 0.1241774951 	 0.1241259025 	 0.0368661334 	 1.0002346186 
4.8600000000 	 0.1245660818 	 0.1245131629 	 0.0435777641 	 1.0002359564 
4.8900000000 	 0.1250741207 	 0.1250198135 	 0.0502723165 	 1.0002372916 
4.9200000000 	 0.1257009638 	 0.1256452062 	 0.0569476704 	 1.0002386240 
4.9500000000 	 0.1264459272 	 0.1263886564 	 0.0636017206 	 1.0002399538 
4.9800000000 	 0.1273082908 	 0.1272494441 	 0.0702323774 	 1.0002412810 
5.0100000000 	 0.1282872992 	 0.1282268133 	 0.0768375670 	 1.0002426054 
5.0400000000 	 0.1293821619 	 0.1293199734 	 0.0834152325 	 1.0002439273 
5.0700000000 	 0.1305920535 	 0.1305280990 	 0.0899633341 	 1.0002452465 
5.1000000000 	 0.1319161148 	 0.1318503303 	 0.0964798502 	 1.0002465631 
5.1300000000 	 0.1333534522 	 0.1332857738 	 0.1029627774 	 1.0002478771 
5.1600000000 	 0.1349031389 	 0.1348335026 	 0.1094101315 	 1.0002491886 
5.1900000000 	 0.1365642152 	 0.1364925567 	 0.1158199480 	 1.0002504975 
5.2200000000 	 0.1383356887 	 0.1382619438 	 0.1221902823 	 1.0002518039 
5.2500000000 	 0.1402165350 	 0.1401406394 	 0.1285192110 	 1.0002531077 
5.2800000000 	 0.1422056979 	 0.1421275873 	 0.1348048316 	 1.0002544091 
5.3100000000 	 0.1443020903 	 0.1442217004 	 0.1410452638 	 1.0002557080 
5.3400000000 	 0.1465045943 	 0.1464218608 	 0.1472386495 	 1.0002570044 
5.3700000000 	 0.1488120617 	 0.1487269205 	 0.1533831533 	 1.0002582984 
5.4000000000 	 0.1512233148 	 0.1511357018 	 0.1594769635 	 1.0002595900 
5.4300000000 	 0.1537371467 	 0.1536469979 	 0.1655182921 	 1.0002608792 
5.4600000000 	 0.1563523216 	 0.1562595732 	 0.1715053755 	 1.0002621661 
5.4900000000 	 0.1590675759 	 0.1589721643 	 0.1774364752 	 1.0002634507 
5.5200000000 	 0.1618816180 	 0.1617834799 	 0.1833098776 	 1.0002647329 
5.5500000000 	 0.1647931296 	 0.1646922017 	 0.1891238951 	 1.0002660128 
5.5800000000 	 0.1678007655 	 0.1676969851 	 0.1948768665 	 1.0002672905 
5.6100000000 	 0.1709031548 	 0.1707964592 	 0.2005671570 	 1.0002685660 
5.6400000000 	 0.1740989009 	 0.1739892279 	 0.2061931590 	 1.0002698393 
5.6700000000 	 0.1773865824 	 0.1772738701 	 0.2117532924 	 1.0002711104 
5.7000000000 	 0.1807647537 	 0.1806489405 	 0.2172460049 	 1.0002723794 
5.7300000000 	 0.1842319452 	 0.1841129702 	 0.2226697729 	 1.0002736463 
5.7600000000 	 0.1877866643 	 0.1876644668 	 0.2280231010 	 1.0002749111 
5.7900000000 	 0.1914273958 	 0.1913019156 	 0.2333045232 	 1.0002761739 
5.8200000000 	 0.1951526025 	 0.1950237798 	 0.2385126028 	 1.0002774347 
5.8500000000 	 0.1989607255 	 0.1988285013 	 0.2436459329 	 1.0002786934 
5.8800000000 	 0.2028501856 	 0.2027145013 	 0.2487031368 	 1.0002799503 
5.9100000000 	 0.2068193829 	 0.2066801804 	 0.2536828680 	 1.0002812052 
5.9400000000 	 0.2108666982 	 0.2107239201 	 0.2585838112 	 1.0002824582 
5.9700000000 	 0.2149904931 	 0.2148440826 	 0.2634046817 	 1.0002837094 
6.0000000000 	 0.2191891108 	 0.2190390118 	 0.2681442265 	 1.0002849588 
6.0300000000 	 0.2234608769 	 0.2233070340 	 0.2728012241 	 1.0002862065 
6.0600000000 	 0.2278040998 	 0.2276464581 	 0.2773744850 	 1.0002874523 
6.0900000000 	 0.2322170711 	 0.2320555767 	 0.2818628518 	 1.0002886965 
6.1200000000 	 0.2366980668 	 0.2365326665 	 0.2862651996 	 1.0002899390 
6.1500000000 	 0.2412453475 	 0.2410759887 	 0.2905804361 	 1.0002911799 
6.1800000000 	 0.2458571592 	 0.2456837903 	 0.2948075020 	 1.0002924192 
6.2100000000 	 0.2505317336 	 0.2503543039 	 0.2989453711 	 1.0002936570 
6.2400000000 	 0.2552672895 	 0.2550857489 	 0.3029930503 	 1.0002948932 
6.2700000000 	 0.2600620326 	 0.2598763320 	 0.3069495803 	 1.0002961280 
6.3000000000 	 0.2649141565 	 0.2647242478 	 0.3108140352 	 1.0002973613 
6.3300000000 	 0.2698218435 	 0.2696276795 	 0.3145855232 	 1.0002985933 
6.3600000000 	 0.2747832650 	 0.2745847992 	 0.3182631863 	 1.0002998239 
6.3900000000 	 0.2797965820 	 0.2795937693 	 0.3218462008 	 1.0003010531 
6.4200000000 	 0.2848599464 	 0.2846527422 	 0.3253337770 	 1.0003022811 
6.4500000000 	 0.2899715007 	 0.2897598619 	 0.3287251600 	 1.0003035078 
6.4800000000 	 0.2951293795 	 0.2949132637 	 0.3320196292 	 1.0003047334 
6.5100000000 	 0.3003317097 	 0.3001110756 	 0.3352164984 	 1.0003059578 
6.5400000000 	 0.3055766110 	 0.3053514186 	 0.3383151164 	 1.0003071811 
6.5700000000 	 0.3108621971 	 0.3106324073 	 0.3413148666 	 1.0003084033 
6.6000000000 	 0.3161865759 	 0.3159521506 	 0.3442151673 	 1.0003096245 
6.6300000000 	 0.3215478501 	 0.3213087525 	 0.3470154715 	 1.0003108446 
6.6600000000 	 0.3269441181 	 0.3267003126 	 0.3497152673 	 1.0003120639 
6.6900000000 	 0.3323734746 	 0.3321249267 	 0.3523140777 	 1.0003132822 
6.7200000000 	 0.3378340110 	 0.3375806874 	 0.3548114605 	 1.0003144997 
6.7500000000 	 0.3433238165 	 0.3430656851 	 0.3572070086 	 1.0003157163 
6.7800000000 	 0.3488409782 	 0.3485780080 	 0.3595003498 	 1.0003169322 
6.8100000000 	 0.3543835820 	 0.3541157434 	 0.3616911468 	 1.0003181473 
6.8400000000 	 0.3599497133 	 0.3596769778 	 0.3637790973 	 1.0003193617 
6.8700000000 	 0.3655374573 	 0.3652597980 	 0.3657639336 	 1.0003205755 
6.9000000000 	 0.3711449003 	 0.3708622911 	 0.3676454230 	 1.0003217886 
6.9300000000 	 0.3767701295 	 0.3764825458 	 0.3694233675 	 1.0003230012 
6.9600000000 	 0.3824112341 	 0.3821186528 	 0.3710976039 	 1.0003242133 
6.9900000000 	 0.3880663058 	 0.3877687049 	 0.3726680032 	 1.0003254248 
7.0200000000 	 0.3937334397 	 0.3934307986 	 0.3741344712 	 1.0003266360 
7.0500000000 	 0.3994107343 	 0.3991030336 	 0.3754969479 	 1.0003278467 
7.0800000000 	 0.4050962925 	 0.4047835144 	 0.3767554077 	 1.0003290571 
7.1100000000 	 0.4107882224 	 0.4104703503 	 0.3779098589 	 1.0003302672 
7.1400000000 	 0.4164846374 	 0.4161616562 	 0.3789603441 	 1.0003314770 
7.1700000000 	 0.4221836572 	 0.4218555530 	 0.3799069393 	 1.0003326865 
7.2000000000 	 0.4278834081 	 0.4275501686 	 0.3807497544 	 1.0003338959 
7.2300000000 	 0.4335820239 	 0.4332436380 	 0.3814889330 	 1.0003351051 
7.2600000000 	 0.4392776461 	 0.4389341043 	 0.3821246515 	 1.0003363142 
7.2900000000 	 0.4449684249 	 0.4446197190 	 0.3826571200 	 1.0003375233 
7.3200000000 	 0.4506525194 	 0.4502986427 	 0.3830865809 	 1.0003387323 
7.3500000000 	 0.4563280983 	 0.4559690454 	 0.3834133099 	 1.0003399414 
7.3800000000 	 0.4619933406 	 0.4616291077 	 0.3836376148 	 1.0003411505 
7.4100000000 	 0.4676464359 	 0.4672770206 	 0.3837598357 	 1.0003423597 
7.4400000000 	 0.4732855853 	 0.4729109864 	 0.3837803448 	 1.0003435691 
7.4700000000 	 0.4789090014 	 0.4785292195 	 0.3836995460 	 1.0003447787 
7.5000000000 	 0.4845149093 	 0.4841299464 	 0.3835178747 	 1.0003459884 
7.5300000000 	 0.4901015472 	 0.4897114065 	 0.3832357977 	 1.0003471985 
7.5600000000 	 0.4956671663 	 0.4952718527 	 0.3828538124 	 1.0003484088 
7.5900000000 	 0.5012100322 	 0.5008095519 	 0.3823724471 	 1.0003496195 
7.6200000000 	 0.5067284245 	 0.5063227853 	 0.3817922604 	 1.0003508306 
7.6500000000 	 0.5122206380 	 0.5118098491 	 0.3811138411 	 1.0003520421 
7.6800000000 	 0.5176849829 	 0.5172690549 	 0.3803378075 	 1.0003532541 
7.7100000000 	 0.5231197854 	 0.5226987304 	 0.3794648074 	 1.0003544665 
7.7400000000 	 0.5285233879 	 0.5280972195 	 0.3784955178 	 1.0003556795 
7.7700000000 	 0.5338941499 	 0.5334628832 	 0.3774306444 	 1.0003568931 
7.8000000000 	 0.5392304482 	 0.5387940996 	 0.3762709213 	 1.0003581073 
7.8300000000 	 0.5445306775 	 0.5440892649 	 0.3750171106 	 1.0003593221 
7.8600000000 	 0.5497932505 	 0.5493467933 	 0.3736700022 	 1.0003605377 
7.8900000000 	 0.5550165990 	 0.5545651179 	 0.3722304131 	 1.0003617539 
7.9200000000 	 0.5601991736 	 0.5597426910 	 0.3706991876 	 1.0003629709 
7.9500000000 	 0.5653394447 	 0.5648779842 	 0.3690771963 	 1.0003641888 
7.9800000000 	 0.5704359027 	 0.5699694894 	 0.3673653359 	 1.0003654074 
8.0100000000 	 0.5754870584 	 0.5750157188 	 0.3655645291 	 1.0003666269 
8.0400000000 	 0.5804914434 	 0.5800152054 	 0.3636757238 	 1.0003678473 
8.0700000000 	 0.5854476104 	 0.5849665034 	 0.3616998930 	 1.0003690687 
8.1000000000 	 0.5903541340 	 0.5898681886 	 0.3596380339 	 1.0003702910 
8.1300000000 	 0.5952096105 	 0.5947188589 	 0.3574911683 	 1.0003715143 
8.1600000000 	 0.6000126587 	 0.5995171343 	 0.3552603411 	 1.0003727386 
8.1900000000 	 0.6047619202 	 0.6042616578 	 0.3529466210 	 1.0003739641 
8.2200000000 	 0.6094560595 	 0.6089510953 	 0.3505510992 	 1.0003751906 
8.2500000000 	 0.6140937645 	 0.6135841361 	 0.3480748891 	 1.0003764182 
8.2800000000 	 0.6186737470 	 0.6181594932 	 0.3455191264 	 1.0003776470 
8.3100000000 	 0.6231947429 	 0.6226759039 	 0.3428849678 	 1.0003788770 
8.3400000000 	 0.6276555122 	 0.6271321295 	 0.3401735912 	 1.0003801082 
8.3700000000 	 0.6320548400 	 0.6315269563 	 0.3373861950 	 1.0003813407 
8.4000000000 	 0.6363915361 	 0.6358591955 	 0.3345239976 	 1.0003825744 
8.4300000000 	 0.6406644357 	 0.6401276835 	 0.3315882368 	 1.0003838095 
8.4600000000 	 0.6448723994 	 0.6443312822 	 0.3285801697 	 1.0003850458 
8.4900000000 	 0.6490143140 	 0.6484688795 	 0.3255010718 	 1.0003862836 
8.5200000000 	 0.6530890921 	 0.6525393893 	 0.3223522367 	 1.0003875227 
8.5500000000 	 0.6570956726 	 0.6565417518 	 0.3191349757 	 1.0003887632 
8.5800000000 	 0.6610330211 	 0.6604749337 	 0.3158506169 	 1.0003900052 
8.6100000000 	 0.6649001301 	 0.6643379287 	 0.3125005053 	 1.0003912487 
8.6400000000 	 0.6686960190 	 0.6681297572 	 0.3090860018 	 1.0003924936 
8.6700000000 	 0.6724197345 	 0.6718494671 	 0.3056084829 	 1.0003937400 
8.7000000000 	 0.6760703507 	 0.6754961337 	 0.3020693402 	 1.0003949880 
8.7300000000 	 0.6796469693 	 0.6790688598 	 0.2984699798 	 1.0003962375 
8.7600000000 	 0.6831487200 	 0.6825667761 	 0.2948118216 	 1.0003974886 
8.7900000000 	 0.6865747604 	 0.6859890413 	 0.2910962994 	 1.0003987413 
8.8200000000 	 0.6899242763 	 0.6893348420 	 0.2873248597 	 1.0003999957 
8.8500000000 	 0.6931964815 	 0.6926033934 	 0.2834989615 	 1.0004012516 
8.8800000000 	 0.6963906188 	 0.6957939390 	 0.2796200757 	 1.0004025092 
8.9100000000 	 0.6995059591 	 0.6989057508 	 0.2756896847 	 1.0004037685 
8.9400000000 	 0.7025418023 	 0.7019381296 	 0.2717092815 	 1.0004050295 
8.9700000000 	 0.7054974770 	 0.7048904049 	 0.2676803698 	 1.0004062923 
9.0000000000 	 0.7083723407 	 0.7077619352 	 0.2636044628 	 1.0004075567 
9.0300000000 	 0.7111657800 	 0.7105521079 	 0.2594830831 	 1.0004088229 
9.0600000000 	 0.7138772106 	 0.7132603395 	 0.2553177619 	 1.0004100908 
9.0900000000 	 0.7165060774 	 0.7158860757 	 0.2511100387 	 1.0004113606 
9.1200000000 	 0.7190518543 	 0.7184287914 	 0.2468614606 	 1.0004126321 
9.1500000000 	 0.7215140448 	 0.7208879908 	 0.2425735819 	 1.0004139054 
9.1800000000 	 0.7238921815 	 0.7232632072 	 0.2382479633 	 1.0004151806 
9.2100000000 	 0.7261858267 	 0.7255540036 	 0.2338861717 	 1.0004164575 
9.2400000000 	 0.7283945716 	 0.7277599720 	 0.2294897794 	 1.0004177364 
9.2700000000 	 0.7305180373 	 0.7298807342 	 0.2250603638 	 1.0004190170 
9.3000000000 	 0.7325558741 	 0.7319159409 	 0.2205995067 	 1.0004202996 
9.3300000000 	 0.7345077615 	 0.7338652726 	 0.2161087936 	 1.0004215840 
9.3600000000 	 0.7363734089 	 0.7357284389 	 0.2115898135 	 1.0004228703 
9.3900000000 	 0.7381525546 	 0.7375051790 	 0.2070441584 	 1.0004241585 
9.4200000000 	 0.7398449664 	 0.7391952611 	 0.2024734223 	 1.0004254485 
9.4500000000 	 0.7414504415 	 0.7407984830 	 0.1978792011 	 1.0004267405 
9.4800000000 	 0.7429688064 	 0.7423146715 	 0.1932630921 	 1.0004280344 
9.5100000000 	 0.7443999164 	 0.7437436826 	 0.1886266929 	 1.0004293303 
9.5400000000 	 0.7457436564 	 0.7450854015 	 0.1839716017 	 1.0004306280 
9.5700000000 	 0.7469999399 	 0.7463397421 	 0.1792994162 	 1.0004319277 
9.6000000000 	 0.7481687098 	 0.7475066477 	 0.1746117331 	 1.0004332293 
9.6300000000 	 0.7492499374 	 0.7485860899 	 0.1699101480 	 1.0004345329 
9.6600000000 	 0.7502436230 	 0.7495780694 	 0.1651962545 	 1.0004358384 
9.6900000000 	 0.7511497954 	 0.7504826154 	 0.1604716436 	 1.0004371458 
9.7200000000 	 0.7519685121 	 0.7512997854 	 0.1557379035 	 1.0004384552 
9.7500000000 	 0.7526998588 	 0.7520296654 	 0.1509966193 	 1.0004397665 
9.7800000000 	 0.7533439494 	 0.7526723696 	 0.1462493716 	 1.0004410797 
9.8100000000 	 0.7539009260 	 0.7532280402 	 0.1414977369 	 1.0004423949 
9.8400000000 	 0.7543709585 	 0.7536968473 	 0.1367432869 	 1.0004437121 
9.8700000000 	 0.7547542445 	 0.7540789886 	 0.1319875875 	 1.0004450312 
9.9000000000 	 0.7550510094 	 0.7543746896 	 0.1272321990 	 1.0004463522 
9.9300000000 	 0.7552615058 	 0.7545842028 	 0.1224786751 	 1.0004476751 
9.9600000000 	 0.7553860134 	 0.7547078081 	 0.1177285628 	 1.0004490000 
9.9900000000 	 0.7554248391 	 0.7547458124 	 0.1129834015 	 1.0004503268 
10.0200000000 	 0.7553783166 	 0.7546985492 	 0.1082447231 	 1.0004516556 
10.0500000000 	 0.7552468059 	 0.7545663786 	 0.1035140509 	 1.0004529862 
10.0800000000 	 0.7550306935 	 0.7543496870 	 0.0987928995 	 1.0004543188 
10.1100000000 	 0.7547303920 	 0.7540488868 	 0.0940827745 	 1.0004556532 
10.1400000000 	 0.7543463399 	 0.7536644164 	 0.0893851714 	 1.0004569896 
10.1700000000 	 0.7538790013 	 0.7531967397 	 0.0847015760 	 1.0004583278 
10.2000000000 	 0.7533288656 	 0.7526463458 	 0.0800334632 	 1.0004596680 
10.2300000000 	 0.7526964473 	 0.7520137491 	 0.0753822970 	 1.0004610100 
10.2600000000 	 0.7519822857 	 0.7512994887 	 0.0707495300 	 1.0004623538 
10.2900000000 	 0.7511869449 	 0.7505041281 	 0.0661366029 	 1.0004636995 
10.3200000000 	 0.7503110130 	 0.7496282552 	 0.0615449441 	 1.0004650471 
10.3500000000 	 0.7493551020 	 0.7486724819 	 0.0569759691 	 1.0004663965 
10.3800000000 	 0.7483198480 	 0.7476374436 	 0.0524310806 	 1.0004677476 
10.4100000000 	 0.7472059101 	 0.7465237990 	 0.0479116675 	 1.0004691006 
10.4400000000 	 0.7460139706 	 0.7453322301 	 0.0434191049 	 1.0004704554 
10.4700000000 	 0.7447447345 	 0.7440634413 	 0.0389547534 	 1.0004718120 
10.5000000000 	 0.7433989293 	 0.7427181597 	 0.0345199591 	 1.0004731703 
10.5300000000 	 0.7419773045 	 0.7412971344 	 0.0301160529 	 1.0004745304 
10.5600000000 	 0.7404806316 	 0.7398011360 	 0.0257443502 	 1.0004758922 
10.5900000000 	 0.7389097033 	 0.7382309568 	 0.0214061506 	 1.0004772557 
10.6200000000 	 0.7372653334 	 0.7365874099 	 0.0171027375 	 1.0004786210 
10.6500000000 	 0.7355483564 	 0.7348713294 	 0.0128353778 	 1.0004799879 
10.6800000000 	 0.7337596274 	 0.7330835696 	 0.0086053212 	 1.0004813565 
10.7100000000 	 0.7319000214 	 0.7312250045 	 0.0044138006 	 1.0004827267 
10.7400000000 	 0.7299704328 	 0.7292965283 	 0.0002620311 	 1.0004840986 
10.7700000000 	 0.7279717756 	 0.7272990539 	 -0.0038487902 	 1.0004854721 
10.8000000000 	 0.7259049826 	 0.7252335134 	 -0.0079174842 	 1.0004868472 
10.8300000000 	 0.7237710050 	 0.7231008573 	 -0.0119428906 	 1.0004882238 
10.8600000000 	 0.7215708123 	 0.7209020541 	 -0.0159238676 	 1.0004896020 
10.8900000000 	 0.7193053915 	 0.7186380902 	 -0.0198592928 	 1.0004909818 
10.9200000000 	 0.7169757474 	 0.7163099692 	 -0.0237480632 	 1.0004923631 
10.9500000000 	 0.7145829011 	 0.7139187116 	 -0.0275890955 	 1.0004937458 
10.9800000000 	 0.7121278909 	 0.7114653546 	 -0.0313813261 	 1.0004951301 
11.0100000000 	 0.7096117707 	 0.7089509511 	 -0.0351237122 	 1.0004965158 
11.0400000000 	 0.7070356104 	 0.7063765703 	 -0.0388152310 	 1.0004979029 
11.0700000000 	 0.7044004953 	 0.7037432962 	 -0.0424548807 	 1.0004992914 
11.1000000000 	 0.7017075253 	 0.7010522278 	 -0.0460416805 	 1.0005006813 
11.1300000000 	 0.6989578150 	 0.6983044787 	 -0.0495746708 	 1.0005020726 
11.1600000000 	 0.6961524931 	 0.6955011765 	 -0.0530529134 	 1.0005034652 
11.1900000000 	 0.6932927016 	 0.6926434621 	 -0.0564754920 	 1.0005048591 
11.2200000000 	 0.6903795962 	 0.6897324901 	 -0.0598415120 	 1.0005062543 
11.2500000000 	 0.6874143449 	 0.6867694274 	 -0.0631501009 	 1.0005076508 
11.2800000000 	 0.6843981283 	 0.6837554534 	 -0.0664004087 	 1.0005090485 
11.3100000000 	 0.6813321389 	 0.6806917594 	 -0.0695916077 	 1.0005104474 
11.3400000000 	 0.6782175805 	 0.6775795480 	 -0.0727228928 	 1.0005118475 
11.3700000000 	 0.6750556680 	 0.6744200331 	 -0.0757934821 	 1.0005132488 
11.4000000000 	 0.6718476270 	 0.6712144389 	 -0.0788026164 	 1.0005146512 
11.4300000000 	 0.6685946930 	 0.6679639997 	 -0.0817495596 	 1.0005160548 
11.4600000000 	 0.6652981115 	 0.6646699596 	 -0.0846335992 	 1.0005174594 
11.4900000000 	 0.6619591369 	 0.6613335719 	 -0.0874540459 	 1.0005188650 
11.5200000000 	 0.6585790327 	 0.6579560987 	 -0.0902102341 	 1.0005202717 
11.5500000000 	 0.6551590705 	 0.6545388104 	 -0.0929015218 	 1.0005216794 
11.5800000000 	 0.6517005301 	 0.6510829852 	 -0.0955272910 	 1.0005230881 
11.6100000000 	 0.6482046984 	 0.6475899090 	 -0.0980869474 	 1.0005244977 
11.6400000000 	 0.6446728696 	 0.6440608743 	 -0.1005799208 	 1.0005259082 
11.6700000000 	 0.6411063442 	 0.6404971805 	 -0.1030056651 	 1.0005273196 
11.7000000000 	 0.6375064289 	 0.6369001329 	 -0.1053636585 	 1.0005287319 
11.7300000000 	 0.6338744362 	 0.6332710423 	 -0.1076534033 	 1.0005301450 
11.7600000000 	 0.6302116835 	 0.6296112250 	 -0.1098744262 	 1.0005315590 
11.7900000000 	 0.6265194932 	 0.6259220018 	 -0.1120262783 	 1.0005329736 
11.8200000000 	 0.6227991918 	 0.6222046977 	 -0.1141085351 	 1.0005343891 
11.8500000000 	 0.6190521098 	 0.6184606419 	 -0.1161207965 	 1.0005358053 
11.8800000000 	 0.6152795808 	 0.6146911666 	 -0.1180626871 	 1.0005372221 
11.9100000000 	 0.6114829418 	 0.6108976070 	 -0.1199338558 	 1.0005386396 
11.9400000000 	 0.6076635319 	 0.6070813009 	 -0.1217339761 	 1.0005400577 
11.9700000000 	 0.6038226923 	 0.6032435881 	 -0.1234627462 	 1.0005414765 
12.0000000000 	 0.5999617659 	 0.5993858100 	 -0.1251198888 	 1.0005428958 
12.0300000000 	 0.5960820968 	 0.5955093089 	 -0.1267051509 	 1.0005443156 
12.0600000000 	 0.5921850297 	 0.5916154282 	 -0.1282183044 	 1.0005457360 
12.0900000000 	 0.5882719094 	 0.5877055111 	 -0.1296591454 	 1.0005471568 
12.1200000000 	 0.5843440808 	 0.5837809011 	 -0.1310274946 	 1.0005485781 
12.1500000000 	 0.5804028882 	 0.5798429408 	 -0.1323231971 	 1.0005499999 
12.1800000000 	 0.5764496745 	 0.5758929716 	 -0.1335461224 	 1.0005514220 
12.2100000000 	 0.5724857814 	 0.5719323337 	 -0.1346961643 	 1.0005528444 
12.2400000000 	 0.5685125487 	 0.5679623652 	 -0.1357732409 	 1.0005542672 
12.2700000000 	 0.5645313136 	 0.5639844019 	 -0.1367772944 	 1.0005556903 
12.3000000000 	 0.5605434108 	 0.5599997768 	 -0.1377082913 	 1.0005571137 
12.3300000000 	 0.5565501716 	 0.5560098197 	 -0.1385662219 	 1.0005585373 
12.3600000000 	 0.5525529237 	 0.5520158568 	 -0.1393511005 	 1.0005599612 
12.3900000000 	 0.5485529908 	 0.5480192101 	 -0.1400629654 	 1.0005613852 
12.4200000000 	 0.5445516922 	 0.5440211974 	 -0.1407018783 	 1.0005628094 
12.4500000000 	 0.5405503422 	 0.5400231313 	 -0.1412679248 	 1.0005642337 
12.4800000000 	 0.5365502497 	 0.5360263194 	 -0.1417612139 	 1.0005656581 
12.5100000000 	 0.5325527183 	 0.5320320634 	 -0.1421818778 	 1.0005670825 
12.5400000000 	 0.5285590451 	 0.5280416590 	 -0.1425300721 	 1.0005685070 
12.5700000000 	 0.5245705209 	 0.5240563955 	 -0.1428059754 	 1.0005699315 
12.6000000000 	 0.5205884296 	 0.5200775550 	 -0.1430097893 	 1.0005713560 
12.6300000000 	 0.5166140477 	 0.5161064127 	 -0.1431417379 	 1.0005727804 
12.6600000000 	 0.5126486442 	 0.5121442358 	 -0.1432020681 	 1.0005742048 
12.6900000000 	 0.5086934798 	 0.5081922838 	 -0.1431910494 	 1.0005756290 
12.7200000000 	 0.5047498071 	 0.5042518073 	 -0.1431089731 	 1.0005770531 
12.7500000000 	 0.5008188696 	 0.5003240485 	 -0.1429561529 	 1.0005784771 
12.7800000000 	 0.4969019018 	 0.4964102402 	 -0.1427329243 	 1.0005799008 
12.8100000000 	 0.4930001284 	 0.4925116058 	 -0.1424396444 	 1.0005813244 
12.8400000000 	 0.4891147644 	 0.4886293586 	 -0.1420766917 	 1.0005827477 
12.8700000000 	 0.4852470146 	 0.4847647019 	 -0.1416444662 	 1.0005841707 
12.9000000000 	 0.4813980730 	 0.4809188282 	 -0.1411433887 	 1.0005855934 
12.9300000000 	 0.4775691226 	 0.4770929190 	 -0.1405739009 	 1.0005870157 
12.9600000000 	 0.4737613353 	 0.4732881447 	 -0.1399364652 	 1.0005884377 
12.9900000000 	 0.4699758711 	 0.4695056639 	 -0.1392315641 	 1.0005898594 
13.0200000000 	 0.4662138783 	 0.4657466232 	 -0.1384597005 	 1.0005912806 
13.0500000000 	 0.4624764926 	 0.4620121570 	 -0.1376213969 	 1.0005927014 
13.0800000000 	 0.4587648372 	 0.4583033871 	 -0.1367171955 	 1.0005941217 
13.1100000000 	 0.4550800225 	 0.4546214222 	 -0.1357476581 	 1.0005955415 
13.1400000000 	 0.4514231453 	 0.4509673579 	 -0.1347133652 	 1.0005969608 
13.1700000000 	 0.4477952893 	 0.4473422763 	 -0.1336149164 	 1.0005983796 
13.2000000000 	 0.4441975238 	 0.4437472456 	 -0.1324529298 	 1.0005997978 
13.2300000000 	 0.4406309043 	 0.4401833196 	 -0.1312280418 	 1.0006012154 
13.2600000000 	 0.4370964718 	 0.4366515380 	 -0.1299409067 	 1.0006026324 
13.2900000000 	 0.4335952526 	 0.4331529258 	 -0.1285921965 	 1.0006040488 
13.3200000000 	 0.4301282578 	 0.4296884927 	 -0.1271826009 	 1.0006054645 
13.3500000000 	 0.4266964835 	 0.4262592334 	 -0.1257128264 	 1.0006068795 
13.3800000000 	 0.4233009100 	 0.4228661271 	 -0.1241835965 	 1.0006082938 
13.4100000000 	 0.4199425021 	 0.4195101370 	 -0.1225956511 	 1.0006097074 
13.4400000000 	 0.4166222082 	 0.4161922105 	 -0.1209497464 	 1.0006111202 
13.4700000000 	 0.4133409608 	 0.4129132785 	 -0.1192466546 	 1.0006125322 
13.5000000000 	 0.4100996755 	 0.4096742557 	 -0.1174871633 	 1.0006139435 
13.5300000000 	 0.4068992514 	 0.4064760397 	 -0.1156720753 	 1.0006153539 
13.5600000000 	 0.4037405704 	 0.4033195115 	 -0.1138022087 	 1.0006167635 
13.5900000000 	 0.4006244974 	 0.4002055344 	 -0.1118783958 	 1.0006181723 
13.6200000000 	 0.3975518797 	 0.3971349549 	 -0.1099014835 	 1.0006195801 
13.6500000000 	 0.3945235472 	 0.3941086015 	 -0.1078723324 	 1.0006209871 
13.6800000000 	 0.3915403116 	 0.3911272849 	 -0.1057918169 	 1.0006223931 
13.7100000000 	 0.3886029670 	 0.3881917979 	 -0.1036608245 	 1.0006237982 
13.7400000000 	 0.3857122890 	 0.3853029152 	 -0.1014802557 	 1.0006252023 
13.7700000000 	 0.3828690349 	 0.3824613929 	 -0.0992510237 	 1.0006266054 
13.8000000000 	 0.3800739433 	 0.3796679688 	 -0.0969740537 	 1.0006280076 
13.8300000000 	 0.3773277344 	 0.3769233618 	 -0.0946502829 	 1.0006294087 
13.8600000000 	 0.3746311092 	 0.3742282720 	 -0.0922806600 	 1.0006308089 
13.8900000000 	 0.3719847498 	 0.3715833805 	 -0.0898661448 	 1.0006322079 
13.9200000000 	 0.3693893191 	 0.3689893492 	 -0.0874077081 	 1.0006336059 
13.9500000000 	 0.3668454605 	 0.3664468207 	 -0.0849063310 	 1.0006350028 
13.9800000000 	 0.3643537983 	 0.3639564182 	 -0.0823630046 	 1.0006363987 
14.0100000000 	 0.3619149369 	 0.3615187454 	 -0.0797787299 	 1.0006377934 
14.0400000000 	 0.3595294610 	 0.3591343861 	 -0.0771545171 	 1.0006391870 
14.0700000000 	 0.3571979357 	 0.3568039044 	 -0.0744913855 	 1.0006405794 
14.1000000000 	 0.3549209060 	 0.3545278447 	 -0.0717903629 	 1.0006419707 
14.1300000000 	 0.3526988969 	 0.3523067312 	 -0.0690524855 	 1.0006433609 
14.1600000000 	 0.3505324134 	 0.3501410680 	 -0.0662787971 	 1.0006447498 
14.1900000000 	 0.3484219402 	 0.3480313391 	 -0.0634703493 	 1.0006461376 
14.2200000000 	 0.3463679417 	 0.3459780083 	 -0.0606282006 	 1.0006475241 
14.2500000000 	 0.3443708621 	 0.3439815191 	 -0.0577534163 	 1.0006489095 
14.2800000000 	 0.3424311251 	 0.3420422944 	 -0.0548470683 	 1.0006502936 
14.3100000000 	 0.3405491339 	 0.3401607369 	 -0.0519102340 	 1.0006516764 
14.3400000000 	 0.3387252712 	 0.3383372287 	 -0.0489439970 	 1.0006530581 
14.3700000000 	 0.3369598993 	 0.3365721315 	 -0.0459494457 	 1.0006544384 
14.4000000000 	 0.3352533598 	 0.3348657863 	 -0.0429276735 	 1.0006558175 
14.4300000000 	 0.3336059735 	 0.3332185135 	 -0.0398797784 	 1.0006571953 
14.4600000000 	 0.3320180410 	 0.3316306131 	 -0.0368068624 	 1.0006585719 
14.4900000000 	 0.3304898418 	 0.3301023642 	 -0.0337100312 	 1.0006599471 
14.5200000000 	 0.3290216349 	 0.3286340255 	 -0.0305903940 	 1.0006613210 
14.5500000000 	 0.3276136589 	 0.3272258349 	 -0.0274490628 	 1.0006626937 
14.5800000000 	 0.3262661313 	 0.3258780097 	 -0.0242871523 	 1.0006640650 
14.6100000000 	 0.3249792492 	 0.3245907467 	 -0.0211057795 	 1.0006654350 
14.6400000000 	 0.3237531891 	 0.3233642220 	 -0.0179060631 	 1.0006668036 
14.6700000000 	 0.3225881068 	 0.3221985911 	 -0.0146891234 	 1.0006681710 
14.7000000000 	 0.3214841376 	 0.3210939890 	 -0.0114560817 	 1.0006695370 
14.7300000000 	 0.3204413962 	 0.3200505303 	 -0.0082080603 	 1.0006709016 
14.7600000000 	 0.3194599768 	 0.3190683090 	 -0.0049461815 	 1.0006722649 
14.7900000000 	 0.3185399534 	 0.3181473988 	 -0.0016715678 	 1.0006736269 
14.8200000000 	 0.3176813793 	 0.3172878529 	 0.0016146586 	 1.0006749875 
14.8500000000 	 0.3168842876 	 0.3164897044 	 0.0049113764 	 1.0006763467 
14.8800000000 	 0.3161486914 	 0.3157529660 	 0.0082174652 	 1.0006777046 
14.9100000000 	 0.3154745832 	 0.3150776306 	 0.0115318063 	 1.0006790611 
14.9400000000 	 0.3148619359 	 0.3144636707 	 0.0148532827 	 1.0006804163 
14.9700000000 	 0.3143107020 	 0.3139110390 	 0.0181807795 	 1.0006817701 
15.0000000000 	 0.3138208144 	 0.3134196684 	 0.0215131843 	 1.0006831225 
15.0300000000 	 0.3133921860 	 0.3129894718 	 0.0248493879 	 1.0006844736 
15.0600000000 	 0.3130247102 	 0.3126203427 	 0.0281882840 	 1.0006858233 
15.0900000000 	 0.3127182607 	 0.3123121550 	 0.0315287699 	 1.0006871717 
15.1200000000 	 0.3124726918 	 0.3120647630 	 0.0348697471 	 1.0006885187 
15.1500000000 	 0.3122878385 	 0.3118780021 	 0.0382101212 	 1.0006898644 
15.1800000000 	 0.3121635167 	 0.3117516882 	 0.0415488023 	 1.0006912086 
15.2100000000 	 0.3120995230 	 0.3116856182 	 0.0448847057 	 1.0006925516 
15.2400000000 	 0.3120956353 	 0.3116795704 	 0.0482167517 	 1.0006938932 
15.2700000000 	 0.3121516127 	 0.3117333040 	 0.0515438666 	 1.0006952334 
15.3000000000 	 0.3122671957 	 0.3118465599 	 0.0548649823 	 1.0006965723 
15.3300000000 	 0.3124421064 	 0.3120190604 	 0.0581790371 	 1.0006979099 
15.3600000000 	 0.3126760483 	 0.3122505097 	 0.0614849759 	 1.0006992461 
15.3900000000 	 0.3129687074 	 0.3125405939 	 0.0647817505 	 1.0007005810 
15.4200000000 	 0.3133197511 	 0.3128889812 	 0.0680683199 	 1.0007019146 
15.4500000000 	 0.3137288297 	 0.3132953219 	 0.0713436508 	 1.0007032469 
15.4800000000 	 0.3141955753 	 0.3137592489 	 0.0746067175 	 1.0007045779 
15.5100000000 	 0.3147196031 	 0.3142803779 	 0.0778565027 	 1.0007059075 
15.5400000000 	 0.3153005110 	 0.3148583072 	 0.0810919973 	 1.0007072359 
15.5700000000 	 0.3159378798 	 0.3154926183 	 0.0843122011 	 1.0007085630 
15.6000000000 	 0.3166312736 	 0.3161828759 	 0.0875161228 	 1.0007098888 
15.6300000000 	 0.3173802401 	 0.3169286281 	 0.0907027808 	 1.0007112133 
15.6600000000 	 0.3181843103 	 0.3177294069 	 0.0938712026 	 1.0007125366 
15.6900000000 	 0.3190429994 	 0.3185847279 	 0.0970204258 	 1.0007138587 
15.7200000000 	 0.3199558065 	 0.3194940912 	 0.1001494984 	 1.0007151794 
15.7500000000 	 0.3209222152 	 0.3204569808 	 0.1032574785 	 1.0007164990 
15.7800000000 	 0.3219416936 	 0.3214728657 	 0.1063434350 	 1.0007178173 
15.8100000000 	 0.3230136944 	 0.3225411994 	 0.1094064478 	 1.0007191344 
15.8400000000 	 0.3241376556 	 0.3236614207 	 0.1124456079 	 1.0007204504 
15.8700000000 	 0.3253130003 	 0.3248329536 	 0.1154600181 	 1.0007217651 
15.9000000000 	 0.3265391372 	 0.3260552075 	 0.1184487924 	 1.0007230786 
15.9300000000 	 0.3278154609 	 0.3273275779 	 0.1214110573 	 1.0007243910 
15.9600000000 	 0.3291413517 	 0.3286494462 	 0.1243459510 	 1.0007257023 
15.9900000000 	 0.3305161766 	 0.3300201800 	 0.1272526245 	 1.0007270124 
16.0200000000 	 0.3319392888 	 0.3314391337 	 0.1301302413 	 1.0007283213 
16.0500000000 	 0.3334100285 	 0.3329056485 	 0.1329779777 	 1.0007296292 
16.0800000000 	 0.3349277231 	 0.3344190525 	 0.1357950233 	 1.0007309360 
16.1100000000 	 0.3364916870 	 0.3359786615 	 0.1385805809 	 1.0007322416 
16.1400000000 	 0.3381012227 	 0.3375837787 	 0.1413338667 	 1.0007335462 
16.1700000000 	 0.3397556202 	 0.3392336953 	 0.1440541108 	 1.0007348498 
16.2000000000 	 0.3414541579 	 0.3409276909 	 0.1467405571 	 1.0007361523 
16.2300000000 	 0.3431961027 	 0.3426650333 	 0.1493924637 	 1.0007374538 
16.2600000000 	 0.3449807102 	 0.3444449792 	 0.1520091029 	 1.0007387542 
16.2900000000 	 0.3468072251 	 0.3462667746 	 0.1545897615 	 1.0007400537 
16.3200000000 	 0.3486748813 	 0.3481296546 	 0.1571337409 	 1.0007413522 
16.3500000000 	 0.3505829027 	 0.3500328440 	 0.1596403574 	 1.0007426497 
16.3800000000 	 0.3525305026 	 0.3519755575 	 0.1621089423 	 1.0007439463 
16.4100000000 	 0.3545168850 	 0.3539570003 	 0.1645388418 	 1.0007452420 
16.4400000000 	 0.3565412442 	 0.3559763679 	 0.1669294177 	 1.0007465367 
16.4700000000 	 0.3586027654 	 0.3580328467 	 0.1692800471 	 1.0007478305 
16.5000000000 	 0.3607006249 	 0.3601256144 	 0.1715901226 	 1.0007491235 
16.5300000000 	 0.3628339905 	 0.3622538399 	 0.1738590526 	 1.0007504156 
16.5600000000 	 0.3650020218 	 0.3644166842 	 0.1760862614 	 1.0007517069 
16.5900000000 	 0.3672038702 	 0.3666133000 	 0.1782711890 	 1.0007529973 
16.6200000000 	 0.3694386797 	 0.3688428327 	 0.1804132919 	 1.0007542869 
16.6500000000 	 0.3717055870 	 0.3711044201 	 0.1825120424 	 1.0007555758 
16.6800000000 	 0.3740037216 	 0.3733971934 	 0.1845669294 	 1.0007568638 
16.7100000000 	 0.3763322065 	 0.3757202767 	 0.1865774581 	 1.0007581512 
16.7400000000 	 0.3786901582 	 0.3780727879 	 0.1885431501 	 1.0007594378 
16.7700000000 	 0.3810766872 	 0.3804538389 	 0.1904635437 	 1.0007607236 
16.8000000000 	 0.3834908981 	 0.3828625359 	 0.1923381938 	 1.0007620088 
16.8300000000 	 0.3859318902 	 0.3852979794 	 0.1941666723 	 1.0007632933 
16.8600000000 	 0.3883987577 	 0.3877592651 	 0.1959485675 	 1.0007645772 
16.8900000000 	 0.3908905898 	 0.3902454837 	 0.1976834851 	 1.0007658604 
16.9200000000 	 0.3934064716 	 0.3927557215 	 0.1993710472 	 1.0007671430 
16.9500000000 	 0.3959454835 	 0.3952890607 	 0.2010108934 	 1.0007684250 
16.9800000000 	 0.3985067026 	 0.3978445796 	 0.2026026801 	 1.0007697064 
17.0100000000 	 0.4010892019 	 0.4004213528 	 0.2041460808 	 1.0007709873 
17.0400000000 	 0.4036920517 	 0.4030184521 	 0.2056407862 	 1.0007722677 
17.0700000000 	 0.4063143192 	 0.4056349460 	 0.2070865042 	 1.0007735475 
17.1000000000 	 0.4089550688 	 0.4082699007 	 0.2084829599 	 1.0007748268 
17.1300000000 	 0.4116133629 	 0.4109223799 	 0.2098298956 	 1.0007761057 
17.1600000000 	 0.4142882620 	 0.4135914456 	 0.2111270706 	 1.0007773841 
17.1900000000 	 0.4169788246 	 0.4162761579 	 0.2123742619 	 1.0007786621 
17.2200000000 	 0.4196841084 	 0.4189755759 	 0.2135712635 	 1.0007799396 
17.2500000000 	 0.4224031695 	 0.4216887574 	 0.2147178864 	 1.0007812168 
17.2800000000 	 0.4251350638 	 0.4244147597 	 0.2158139593 	 1.0007824936 
17.3100000000 	 0.4278788466 	 0.4271526395 	 0.2168593279 	 1.0007837701 
17.3400000000 	 0.4306335731 	 0.4299014538 	 0.2178538550 	 1.0007850462 
17.3700000000 	 0.4333982988 	 0.4326602596 	 0.2187974207 	 1.0007863220 
17.4000000000 	 0.4361720798 	 0.4354281142 	 0.2196899223 	 1.0007875976 
17.4300000000 	 0.4389539728 	 0.4382040763 	 0.2205312740 	 1.0007888729 
17.4600000000 	 0.4417430360 	 0.4409872053 	 0.2213214074 	 1.0007901479 
17.4900000000 	 0.4445383288 	 0.4437765623 	 0.2220602709 	 1.0007914227 
17.5200000000 	 0.4473389125 	 0.4465712101 	 0.2227478298 	 1.0007926973 
17.5500000000 	 0.4501438503 	 0.4493702135 	 0.2233840665 	 1.0007939717 
17.5800000000 	 0.4529522080 	 0.4521726396 	 0.2239689802 	 1.0007952460 
17.6100000000 	 0.4557630539 	 0.4549775584 	 0.2245025869 	 1.0007965201 
17.6400000000 	 0.4585754592 	 0.4577840426 	 0.2249849192 	 1.0007977941 
17.6700000000 	 0.4613884983 	 0.4605911683 	 0.2254160264 	 1.0007990680 
17.7000000000 	 0.4642012495 	 0.4633980150 	 0.2257959744 	 1.0008003418 
17.7300000000 	 0.4670127944 	 0.4662036661 	 0.2261248455 	 1.0008016156 
17.7600000000 	 0.4698222191 	 0.4690072090 	 0.2264027385 	 1.0008028893 
17.7900000000 	 0.4726286138 	 0.4718077356 	 0.2266297683 	 1.0008041631 
17.8200000000 	 0.4754310737 	 0.4746043423 	 0.2268060661 	 1.0008054368 
17.8500000000 	 0.4782286985 	 0.4773961306 	 0.2269317789 	 1.0008067105 
17.8800000000 	 0.4810205934 	 0.4801822072 	 0.2270070701 	 1.0008079843 
17.9100000000 	 0.4838058692 	 0.4829616840 	 0.2270321185 	 1.0008092582 
17.9400000000 	 0.4865836421 	 0.4857336791 	 0.2270071188 	 1.0008105321 
17.9700000000 	 0.4893530346 	 0.4884973163 	 0.2269322813 	 1.0008118062 
18.0000000000 	 0.4921131753 	 0.4912517256 	 0.2268078317 	 1.0008130804 
18.0300000000 	 0.4948631995 	 0.4939960439 	 0.2266340110 	 1.0008143547 
18.0600000000 	 0.4976022492 	 0.4967294145 	 0.2264110754 	 1.0008156292 
18.0900000000 	 0.5003294736 	 0.4994509879 	 0.2261392962 	 1.0008169039 
18.1200000000 	 0.5030440289 	 0.5021599221 	 0.2258189593 	 1.0008181787 
18.1500000000 	 0.5057450791 	 0.5048553822 	 0.2254503656 	 1.0008194538 
18.1800000000 	 0.5084317960 	 0.5075365415 	 0.2250338306 	 1.0008207292 
18.2100000000 	 0.5111033593 	 0.5102025810 	 0.2245696840 	 1.0008220048 
18.2400000000 	 0.5137589570 	 0.5128526901 	 0.2240582697 	 1.0008232807 
18.2700000000 	 0.5163977856 	 0.5154860668 	 0.2234999460 	 1.0008245568 
18.3000000000 	 0.5190190504 	 0.5181019175 	 0.2228950847 	 1.0008258333 
18.3300000000 	 0.5216219655 	 0.5206994579 	 0.2222440716 	 1.0008271102 
18.3600000000 	 0.5242057544 	 0.5232779125 	 0.2215473059 	 1.0008283874 
18.3900000000 	 0.5267696497 	 0.5258365155 	 0.2208052002 	 1.0008296649 
18.4200000000 	 0.5293128939 	 0.5283745105 	 0.2200181802 	 1.0008309429 
18.4500000000 	 0.5318347391 	 0.5308911510 	 0.2191866847 	 1.0008322212 
18.4800000000 	 0.5343344475 	 0.5333857003 	 0.2183111651 	 1.0008335000 
18.5100000000 	 0.5368112916 	 0.5358574321 	 0.2173920855 	 1.0008347792 
18.5400000000 	 0.5392645540 	 0.5383056304 	 0.2164299223 	 1.0008360589 
18.5700000000 	 0.5416935282 	 0.5407295899 	 0.2154251641 	 1.0008373390 
18.6000000000 	 0.5440975185 	 0.5431286159 	 0.2143783115 	 1.0008386197 
18.6300000000 	 0.5464758401 	 0.5455020249 	 0.2132898767 	 1.0008399008 
18.6600000000 	 0.5488278192 	 0.5478491443 	 0.2121603835 	 1.0008411825 
18.6900000000 	 0.5511527936 	 0.5501693129 	 0.2109903672 	 1.0008424647 
18.7200000000 	 0.5534501125 	 0.5524618810 	 0.2097803738 	 1.0008437474 
18.7500000000 	 0.5557191367 	 0.5547262106 	 0.2085309606 	 1.0008450308 
18.7800000000 	 0.5579592389 	 0.5569616754 	 0.2072426952 	 1.0008463147 
18.8100000000 	 0.5601698038 	 0.5591676612 	 0.2059161558 	 1.0008475992 
18.8400000000 	 0.5623502282 	 0.5613435657 	 0.2045519307 	 1.0008488843 
18.8700000000 	 0.5644999212 	 0.5634887992 	 0.2031506182 	 1.0008501700 
18.9000000000 	 0.5666183044 	 0.5656027842 	 0.2017128263 	 1.0008514564 
18.9300000000 	 0.5687048119 	 0.5676849557 	 0.2002391724 	 1.0008527435 
18.9600000000 	 0.5707588905 	 0.5697347615 	 0.1987302832 	 1.0008540312 
18.9900000000 	 0.5727799999 	 0.5717516622 	 0.1971867945 	 1.0008553196 
19.0200000000 	 0.5747676127 	 0.5737351313 	 0.1956093506 	 1.0008566086 
19.0500000000 	 0.5767212145 	 0.5756846554 	 0.1939986045 	 1.0008578984 
19.0800000000 	 0.5786403044 	 0.5775997342 	 0.1923552173 	 1.0008591889 
19.1100000000 	 0.5805243945 	 0.5794798809 	 0.1906798584 	 1.0008604802 
19.1400000000 	 0.5823730105 	 0.5813246218 	 0.1889732045 	 1.0008617722 
19.1700000000 	 0.5841856915 	 0.5831334968 	 0.1872359403 	 1.0008630649 
19.2000000000 	 0.5859619901 	 0.5849060595 	 0.1854687573 	 1.0008643584 
19.2300000000 	 0.5877014730 	 0.5866418770 	 0.1836723542 	 1.0008656527 
19.2600000000 	 0.5894037203 	 0.5883405303 	 0.1818474365 	 1.0008669477 
19.2900000000 	 0.5910683262 	 0.5900016142 	 0.1799947161 	 1.0008682436 
19.3200000000 	 0.5926948986 	 0.5916247374 	 0.1781149111 	 1.0008695403 
19.3500000000 	 0.5942830598 	 0.5932095227 	 0.1762087456 	 1.0008708377 
19.3800000000 	 0.5958324457 	 0.5947556067 	 0.1742769493 	 1.0008721361 
19.4100000000 	 0.5973427068 	 0.5962626404 	 0.1723202575 	 1.0008734352 
19.4400000000 	 0.5988135076 	 0.5977302889 	 0.1703394104 	 1.0008747352 
19.4700000000 	 0.6002445269 	 0.5991582315 	 0.1683351535 	 1.0008760360 
19.5000000000 	 0.6016354576 	 0.6005461617 	 0.1663082366 	 1.0008773377 
19.5300000000 	 0.6029860073 	 0.6018937874 	 0.1642594141 	 1.0008786403 
19.5600000000 	 0.6042958977 	 0.6032008310 	 0.1621894444 	 1.0008799437 
19.5900000000 	 0.6055648651 	 0.6044670290 	 0.1600990898 	 1.0008812481 
19.6200000000 	 0.6067926602 	 0.6056921326 	 0.1579891162 	 1.0008825533 
19.6500000000 	 0.6079790481 	 0.6068759073 	 0.1558602927 	 1.0008838594 
19.6800000000 	 0.6091238084 	 0.6080181331 	 0.1537133917 	 1.0008851664 
19.7100000000 	 0.6102267353 	 0.6091186043 	 0.1515491882 	 1.0008864743 
19.7400000000 	 0.6112876373 	 0.6101771300 	 0.1493684597 	 1.0008877832 
19.7700000000 	 0.6123063378 	 0.6111935336 	 0.1471719862 	 1.0008890929 
19.8000000000 	 0.6132826743 	 0.6121676529 	 0.1449605494 	 1.0008904036 
19.8300000000 	 0.6142164990 	 0.6130993405 	 0.1427349330 	 1.0008917152 
19.8600000000 	 0.6151076786 	 0.6139884631 	 0.1404959220 	 1.0008930277 
19.8900000000 	 0.6159560943 	 0.6148349020 	 0.1382443027 	 1.0008943412 
19.9200000000 	 0.6167616416 	 0.6156385531 	 0.1359808624 	 1.0008956556 
19.9500000000 	 0.6175242307 	 0.6163993265 	 0.1337063888 	 1.0008969710 
19.9800000000 	 0.6182437860 	 0.6171171467 	 0.1314216705 	 1.0008982873 
20.0100000000 	 0.6189202464 	 0.6177919526 	 0.1291274958 	 1.0008996046 
20.0400000000 	 0.6195535650 	 0.6184236975 	 0.1268246531 	 1.0009009228 
20.0700000000 	 0.6201437093 	 0.6190123488 	 0.1245139307 	 1.0009022419 
20.1000000000 	 0.6206906611 	 0.6195578883 	 0.1221961158 	 1.0009035620 
20.1300000000 	 0.6211944163 	 0.6200603118 	 0.1198719951 	 1.0009048831 
20.1600000000 	 0.6216549850 	 0.6205196293 	 0.1175423541 	 1.0009062051 
20.1900000000 	 0.6220723913 	 0.6209358648 	 0.1152079770 	 1.0009075281 
20.2200000000 	 0.6224466734 	 0.6213090563 	 0.1128696461 	 1.0009088521 
20.2500000000 	 0.6227778834 	 0.6216392559 	 0.1105281423 	 1.0009101770 
20.2800000000 	 0.6230660872 	 0.6219265294 	 0.1081842439 	 1.0009115029 
20.3100000000 	 0.6233113648 	 0.6221709562 	 0.1058387272 	 1.0009128297 
20.3400000000 	 0.6235138095 	 0.6223726296 	 0.1034923657 	 1.0009141575 
20.3700000000 	 0.6236735285 	 0.6225316566 	 0.1011459301 	 1.0009154862 
20.4000000000 	 0.6237906425 	 0.6226481574 	 0.0988001881 	 1.0009168159 
20.4300000000 	 0.6238652856 	 0.6227222659 	 0.0964559040 	 1.0009181466 
20.4600000000 	 0.6238976052 	 0.6227541292 	 0.0941138385 	 1.0009194782 
20.4900000000 	 0.6238877621 	 0.6227439076 	 0.0917747486 	 1.0009208107 
20.5200000000 	 0.6238359301 	 0.6226917745 	 0.0894393872 	 1.0009221442 
20.5500000000 	 0.6237422960 	 0.6225979164 	 0.0871085029 	 1.0009234787 
20.5800000000 	 0.6236070597 	 0.6224625327 	 0.0847828400 	 1.0009248141 
20.6100000000 	 0.6234304337 	 0.6222858353 	 0.0824631378 	 1.0009261504 
20.6400000000 	 0.6232126432 	 0.6220680492 	 0.0801501310 	 1.0009274876 
20.6700000000 	 0.6229539262 	 0.6218094115 	 0.0778445488 	 1.0009288258 
20.7000000000 	 0.6226545327 	 0.6215101720 	 0.0755471153 	 1.0009301649 
20.7300000000 	 0.6223147254 	 0.6211705926 	 0.0732585490 	 1.0009315049 
20.7600000000 	 0.6219347789 	 0.6207909473 	 0.0709795624 	 1.0009328459 
20.7900000000 	 0.6215149800 	 0.6203715223 	 0.0687108621 	 1.0009341877 
20.8200000000 	 0.6210556271 	 0.6199126155 	 0.0664531485 	 1.0009355305 
20.8500000000 	 0.6205570305 	 0.6194145365 	 0.0642071157 	 1.0009368741 
20.8800000000 	 0.6200195123 	 0.6188776065 	 0.0619734509 	 1.0009382187 
20.9100000000 	 0.6194434056 	 0.6183021580 	 0.0597528346 	 1.0009395641 
20.9400000000 	 0.6188290550 	 0.6176885350 	 0.0575459405 	 1.0009409104 
20.9700000000 	 0.6181768162 	 0.6170370923 	 0.0553534348 	 1.0009422576 
21.0000000000 	 0.6174870559 	 0.6163481959 	 0.0531759765 	 1.0009436057 
21.0300000000 	 0.6167601515 	 0.6156222222 	 0.0510142168 	 1.0009449546 
21.0600000000 	 0.6159964911 	 0.6148595587 	 0.0488687994 	 1.0009463043 
21.0900000000 	 0.6151964731 	 0.6140606029 	 0.0467403599 	 1.0009476550 
21.1200000000 	 0.6143605064 	 0.6132257628 	 0.0446295258 	 1.0009490064 
21.1500000000 	 0.6134890099 	 0.6123554564 	 0.0425369163 	 1.0009503587 
21.1800000000 	 0.6125824123 	 0.6114501115 	 0.0404631422 	 1.0009517117 
21.2100000000 	 0.6116411523 	 0.6105101659 	 0.0384088057 	 1.0009530656 
21.2400000000 	 0.6106656779 	 0.6095360668 	 0.0363745000 	 1.0009544203 
21.2700000000 	 0.6096564467 	 0.6085282705 	 0.0343608097 	 1.0009557758 
21.3000000000 	 0.6086139254 	 0.6074872430 	 0.0323683101 	 1.0009571321 
21.3300000000 	 0.6075385897 	 0.6064134589 	 0.0303975671 	 1.0009584891 
21.3600000000 	 0.6064309241 	 0.6053074016 	 0.0284491375 	 1.0009598469 
21.3900000000 	 0.6052914218 	 0.6041695634 	 0.0265235683 	 1.0009612055 
21.4200000000 	 0.6041205842 	 0.6030004446 	 0.0246213971 	 1.0009625647 
21.4500000000 	 0.6029189212 	 0.6018005540 	 0.0227431514 	 1.0009639248 
21.4800000000 	 0.6016869505 	 0.6005704082 	 0.0208893489 	 1.0009652855 
21.5100000000 	 0.6004251979 	 0.5993105319 	 0.0190604971 	 1.0009666470 
21.5400000000 	 0.5991341964 	 0.5980214571 	 0.0172570935 	 1.0009680091 
21.5700000000 	 0.5978144867 	 0.5967037232 	 0.0154796251 	 1.0009693719 
21.6000000000 	 0.5964666168 	 0.5953578771 	 0.0137285685 	 1.0009707354 
21.6300000000 	 0.5950911413 	 0.5939844724 	 0.0120043897 	 1.0009720996 
21.6600000000 	 0.5936886221 	 0.5925840695 	 0.0103075440 	 1.0009734645 
21.6900000000 	 0.5922596272 	 0.5911572355 	 0.0086384762 	 1.0009748299 
21.7200000000 	 0.5908047313 	 0.5897045438 	 0.0069976198 	 1.0009761960 
21.7500000000 	 0.5893245150 	 0.5882265737 	 0.0053853977 	 1.0009775627 
21.7800000000 	 0.5878195651 	 0.5867239108 	 0.0038022214 	 1.0009789300 
21.8100000000 	 0.5862904738 	 0.5851971462 	 0.0022484916 	 1.0009802979 
21.8400000000 	 0.5847378392 	 0.5836468765 	 0.0007245974 	 1.0009816664 
21.8700000000 	 0.5831622643 	 0.5820737037 	 -0.0007690832 	 1.0009830355 
21.9000000000 	 0.5815643574 	 0.5804782346 	 -0.0022321836 	 1.0009844051 
21.9300000000 	 0.5799447315 	 0.5788610811 	 -0.0036643489 	 1.0009857752 
21.9600000000 	 0.5783040044 	 0.5772228595 	 -0.0050652355 	 1.0009871459 
21.9900000000 	 0.5766427982 	 0.5755641908 	 -0.0064345115 	 1.0009885170 
22.0200000000 	 0.5749617392 	 0.5738856998 	 -0.0077718568 	 1.0009898887 
22.0500000000 	 0.5732614576 	 0.5721880156 	 -0.0090769627 	 1.0009912609 
22.0800000000 	 0.5715425874 	 0.5704717707 	 -0.0103495327 	 1.0009926335 
22.1100000000 	 0.5698057662 	 0.5687376014 	 -0.0115892819 	 1.0009940066 
22.1400000000 	 0.5680516348 	 0.5669861471 	 -0.0127959374 	 1.0009953801 
22.1700000000 	 0.5662808371 	 0.5652180504 	 -0.0139692380 	 1.0009967541 
22.2000000000 	 0.5644940198 	 0.5634339567 	 -0.0151089346 	 1.0009981285 
22.2300000000 	 0.5626918323 	 0.5616345140 	 -0.0162147903 	 1.0009995033 
22.2600000000 	 0.5608749264 	 0.5598203727 	 -0.0172865799 	 1.0010008784 
22.2900000000 	 0.5590439560 	 0.5579921853 	 -0.0183240903 	 1.0010022540 
22.3200000000 	 0.5571995770 	 0.5561506065 	 -0.0193271207 	 1.0010036299 
22.3500000000 	 0.5553424472 	 0.5542962924 	 -0.0202954821 	 1.0010050061 
22.3800000000 	 0.5534732256 	 0.5524299009 	 -0.0212289979 	 1.0010063827 
22.4100000000 	 0.5515925728 	 0.5505520911 	 -0.0221275032 	 1.0010077596 
22.4400000000 	 0.5497011502 	 0.5486635230 	 -0.0229908457 	 1.0010091368 
22.4700000000 	 0.5477996202 	 0.5467648578 	 -0.0238188848 	 1.0010105143 
22.5000000000 	 0.5458886460 	 0.5448567569 	 -0.0246114922 	 1.0010118920 
22.5300000000 	 0.5439688908 	 0.5429398825 	 -0.0253685517 	 1.0010132700 
22.5600000000 	 0.5420410184 	 0.5410148968 	 -0.0260899591 	 1.0010146483 
22.5900000000 	 0.5401056922 	 0.5390824619 	 -0.0267756225 	 1.0010160268 
22.6200000000 	 0.5381635758 	 0.5371432399 	 -0.0274254618 	 1.0010174055 
22.6500000000 	 0.5362153319 	 0.5351978922 	 -0.0280394090 	 1.0010187844 
22.6800000000 	 0.5342616228 	 0.5332470797 	 -0.0286174083 	 1.0010201634 
22.7100000000 	 0.5323031099 	 0.5312914624 	 -0.0291594157 	 1.0010215427 
22.7400000000 	 0.5303404533 	 0.5293316990 	 -0.0296653991 	 1.0010229221 
22.7700000000 	 0.5283743121 	 0.5273684472 	 -0.0301353384 	 1.0010243016 
22.8000000000 	 0.5264053436 	 0.5254023630 	 -0.0305692254 	 1.0010256813 
22.8300000000 	 0.5244342035 	 0.5234341006 	 -0.0309670638 	 1.0010270611 
22.8600000000 	 0.5224615455 	 0.5214643124 	 -0.0313288687 	 1.0010284409 
22.8900000000 	 0.5204880213 	 0.5194936488 	 -0.0316546674 	 1.0010298209 
22.9200000000 	 0.5185142802 	 0.5175227575 	 -0.0319444985 	 1.0010312009 
22.9500000000 	 0.5165409688 	 0.5155522840 	 -0.0321984124 	 1.0010325810 
22.9800000000 	 0.5145687310 	 0.5135828708 	 -0.0324164710 	 1.0010339611 
23.0100000000 	 0.5125982079 	 0.5116151575 	 -0.0325987476 	 1.0010353412 
23.0400000000 	 0.5106300374 	 0.5096497808 	 -0.0327453271 	 1.0010367214 
23.0700000000 	 0.5086648540 	 0.5076873738 	 -0.0328563055 	 1.0010381015 
23.1000000000 	 0.5067032886 	 0.5057285661 	 -0.0329317901 	 1.0010394816 
23.1300000000 	 0.5047459684 	 0.5037739837 	 -0.0329718995 	 1.0010408617 
23.1600000000 	 0.5027935169 	 0.5018242486 	 -0.0329767633 	 1.0010422417 
23.1900000000 	 0.5008465532 	 0.4998799787 	 -0.0329465221 	 1.0010436217 
23.2200000000 	 0.4989056922 	 0.4979417877 	 -0.0328813274 	 1.0010450016 
23.2500000000 	 0.4969715444 	 0.4960102846 	 -0.0327813416 	 1.0010463814 
23.2800000000 	 0.4950447156 	 0.4940860741 	 -0.0326467377 	 1.0010477611 
23.3100000000 	 0.4931258068 	 0.4921697559 	 -0.0324776995 	 1.0010491407 
23.3400000000 	 0.4912154138 	 0.4902619245 	 -0.0322744211 	 1.0010505202 
23.3700000000 	 0.4893141274 	 0.4883631695 	 -0.0320371071 	 1.0010518995 
23.4000000000 	 0.4874225330 	 0.4864740752 	 -0.0317659725 	 1.0010532786 
23.4300000000 	 0.4855412104 	 0.4845952200 	 -0.0314612423 	 1.0010546576 
23.4600000000 	 0.4836707338 	 0.4827271770 	 -0.0311231518 	 1.0010560364 
23.4900000000 	 0.4818116715 	 0.4808705133 	 -0.0307519462 	 1.0010574150 
23.5200000000 	 0.4799645857 	 0.4790257899 	 -0.0303478803 	 1.0010587934 
23.5500000000 	 0.4781300325 	 0.4771935618 	 -0.0299112189 	 1.0010601715 
23.5800000000 	 0.4763085616 	 0.4753743776 	 -0.0294422362 	 1.0010615494 
23.6100000000 	 0.4745007163 	 0.4735687793 	 -0.0289412162 	 1.0010629271 
23.6400000000 	 0.4727070331 	 0.4717773024 	 -0.0284084517 	 1.0010643045 
23.6700000000 	 0.4709280419 	 0.4700004757 	 -0.0278442451 	 1.0010656817 
23.7000000000 	 0.4691642654 	 0.4682388208 	 -0.0272489078 	 1.0010670585 
23.7300000000 	 0.4674162195 	 0.4664928525 	 -0.0266227600 	 1.0010684351 
23.7600000000 	 0.4656844127 	 0.4647630783 	 -0.0259661308 	 1.0010698113 
23.7900000000 	 0.4639693461 	 0.4630499982 	 -0.0252793578 	 1.0010711872 
23.8200000000 	 0.4622715134 	 0.4613541050 	 -0.0245627872 	 1.0010725628 
23.8500000000 	 0.4605914007 	 0.4596758837 	 -0.0238167736 	 1.0010739381 
23.8800000000 	 0.4589294863 	 0.4580158116 	 -0.0230416796 	 1.0010753130 
23.9100000000 	 0.4572862405 	 0.4563743582 	 -0.0222378761 	 1.0010766875 
23.9400000000 	 0.4556621258 	 0.4547519848 	 -0.0214057417 	 1.0010780616 
23.9700000000 	 0.4540575965 	 0.4531491449 	 -0.0205456627 	 1.0010794354 
24.0000000000 	 0.4524730986 	 0.4515662837 	 -0.0196580333 	 1.0010808087 
24.0300000000 	 0.4509090697 	 0.4500038378 	 -0.0187432546 	 1.0010821817 
24.0600000000 	 0.4493659392 	 0.4484622356 	 -0.0178017355 	 1.0010835542 
24.0900000000 	 0.4478441277 	 0.4469418971 	 -0.0168338917 	 1.0010849263 
24.1200000000 	 0.4463440472 	 0.4454432333 	 -0.0158401457 	 1.0010862979 
24.1500000000 	 0.4448661009 	 0.4439666467 	 -0.0148209271 	 1.0010876691 
24.1800000000 	 0.4434106833 	 0.4425125308 	 -0.0137766719 	 1.0010890399 
24.2100000000 	 0.4419781796 	 0.4410812703 	 -0.0127078226 	 1.0010904101 
24.2400000000 	 0.4405689663 	 0.4396732407 	 -0.0116148278 	 1.0010917799 
24.2700000000 	 0.4391834106 	 0.4382888087 	 -0.0104981424 	 1.0010931492 
24.3000000000 	 0.4378218705 	 0.4369283314 	 -0.0093582270 	 1.0010945180 
24.3300000000 	 0.4364846946 	 0.4355921569 	 -0.0081955481 	 1.0010958863 
24.3600000000 	 0.4351722224 	 0.4342806238 	 -0.0070105778 	 1.0010972541 
24.3900000000 	 0.4338847838 	 0.4329940615 	 -0.0058037934 	 1.0010986214 
24.4200000000 	 0.4326226990 	 0.4317327896 	 -0.0045756775 	 1.0010999881 
24.4500000000 	 0.4313862789 	 0.4304971183 	 -0.0033267177 	 1.0011013543 
24.4800000000 	 0.4301758246 	 0.4292873482 	 -0.0020574066 	 1.0011027200 
24.5100000000 	 0.4289916275 	 0.4281037701 	 -0.0007682412 	 1.0011040851 
24.5400000000 	 0.4278339693 	 0.4269466653 	 0.0005402769 	 1.0011054496 
24.5700000000 	 0.4267031219 	 0.4258163049 	 0.0018676416 	 1.0011068136 
24.6000000000 	 0.4255993473 	 0.4247129507 	 0.0032133430 	 1.0011081770 
24.6300000000 	 0.4245228975 	 0.4236368540 	 0.0045768671 	 1.0011095399 
24.6600000000 	 0.4234740146 	 0.4225882568 	 0.0059576961 	 1.0011109021 
24.6900000000 	 0.4224529309 	 0.4215673905 	 0.0073553087 	 1.0011122638 
24.7200000000 	 0.4214598683 	 0.4205744770 	 0.0087691802 	 1.0011136248 
24.7500000000 	 0.4204950390 	 0.4196097280 	 0.0101987828 	 1.0011149853 
24.7800000000 	 0.4195586449 	 0.4186733451 	 0.0116435855 	 1.0011163451 
24.8100000000 	 0.4186508779 	 0.4177655197 	 0.0131030547 	 1.0011177043 
24.8400000000 	 0.4177719196 	 0.4168864332 	 0.0145766539 	 1.0011190629 
24.8700000000 	 0.4169219417 	 0.4160362571 	 0.0160638443 	 1.0011204209 
24.9000000000 	 0.4161011055 	 0.4152151524 	 0.0175640848 	 1.0011217783 
24.9300000000 	 0.4153095623 	 0.4144232700 	 0.0190768322 	 1.0011231350 
24.9600000000 	 0.4145474530 	 0.4136607509 	 0.0206015415 	 1.0011244911 
24.9900000000 	 0.4138149085 	 0.4129277255 	 0.0221376659 	 1.0011258466 
25.0200000000 	 0.4131120493 	 0.4122243145 	 0.0236846570 	 1.0011272014 
25.0500000000 	 0.4124389861 	 0.4115506281 	 0.0252419652 	 1.0011285555 
25.0800000000 	 0.4117958189 	 0.4109067665 	 0.0268090398 	 1.0011299090 
25.1100000000 	 0.4111826379 	 0.4102928195 	 0.0283853288 	 1.0011312619 
25.1400000000 	 0.4105995230 	 0.4097088672 	 0.0299702798 	 1.0011326141 
25.1700000000 	 0.4100465439 	 0.4091549791 	 0.0315633396 	 1.0011339656 
25.2000000000 	 0.4095237602 	 0.4086312148 	 0.0331639546 	 1.0011353165 
25.2300000000 	 0.4090312214 	 0.4081376239 	 0.0347715710 	 1.0011366667 
25.2600000000 	 0.4085689670 	 0.4076742459 	 0.0363856349 	 1.0011380163 
25.2900000000 	 0.4081370262 	 0.4072411100 	 0.0380055925 	 1.0011393652 
25.3200000000 	 0.4077354184 	 0.4068382357 	 0.0396308905 	 1.0011407134 
25.3500000000 	 0.4073641529 	 0.4064656324 	 0.0412609758 	 1.0011420610 
25.3800000000 	 0.4070232291 	 0.4061232996 	 0.0428952963 	 1.0011434079 
25.4100000000 	 0.4067126363 	 0.4058112268 	 0.0445333003 	 1.0011447541 
25.4400000000 	 0.4064323542 	 0.4055293939 	 0.0461744376 	 1.0011460996 
25.4700000000 	 0.4061823525 	 0.4052777707 	 0.0478181589 	 1.0011474445 
25.5000000000 	 0.4059625911 	 0.4050563174 	 0.0494639164 	 1.0011487887 
25.5300000000 	 0.4057730203 	 0.4048649845 	 0.0511111637 	 1.0011501322 
25.5600000000 	 0.4056135807 	 0.4047037127 	 0.0527593562 	 1.0011514751 
25.5900000000 	 0.4054842031 	 0.4045724334 	 0.0544079513 	 1.0011528173 
25.6200000000 	 0.4053848090 	 0.4044710682 	 0.0560564084 	 1.0011541588 
25.6500000000 	 0.4053153102 	 0.4043995294 	 0.0577041889 	 1.0011554997 
25.6800000000 	 0.4052756093 	 0.4043577198 	 0.0593507570 	 1.0011568399 
25.7100000000 	 0.4052655994 	 0.4043455329 	 0.0609955791 	 1.0011581794 
25.7400000000 	 0.4052851644 	 0.4043628530 	 0.0626381245 	 1.0011595183 
25.7700000000 	 0.4053341788 	 0.4044095551 	 0.0642778654 	 1.0011608565 
25.8000000000 	 0.4054125083 	 0.4044855052 	 0.0659142769 	 1.0011621940 
25.8300000000 	 0.4055200094 	 0.4045905603 	 0.0675468375 	 1.0011635309 
25.8600000000 	 0.4056565295 	 0.4047245683 	 0.0691750290 	 1.0011648671 
25.8900000000 	 0.4058219073 	 0.4048873685 	 0.0707983366 	 1.0011662027 
25.9200000000 	 0.4060159727 	 0.4050787913 	 0.0724162493 	 1.0011675376 
25.9500000000 	 0.4062385469 	 0.4052986583 	 0.0740282599 	 1.0011688719 
25.9800000000 	 0.4064894424 	 0.4055467827 	 0.0756338652 	 1.0011702056 
26.0100000000 	 0.4067684633 	 0.4058229691 	 0.0772325661 	 1.0011715386 
26.0400000000 	 0.4070754053 	 0.4061270139 	 0.0788238678 	 1.0011728710 
26.0700000000 	 0.4074100558 	 0.4064587051 	 0.0804072797 	 1.0011742027 
26.1000000000 	 0.4077721938 	 0.4068178223 	 0.0819823162 	 1.0011755338 
26.1300000000 	 0.4081615906 	 0.4072041374 	 0.0835484960 	 1.0011768643 
26.1600000000 	 0.4085780090 	 0.4076174141 	 0.0851053428 	 1.0011781942 
26.1900000000 	 0.4090212045 	 0.4080574083 	 0.0866523853 	 1.0011795235 
26.2200000000 	 0.4094909242 	 0.4085238682 	 0.0881891573 	 1.0011808521 
26.2500000000 	 0.4099869081 	 0.4090165342 	 0.0897151977 	 1.0011821802 
26.2800000000 	 0.4105088884 	 0.4095351394 	 0.0912300510 	 1.0011835076 
26.3100000000 	 0.4110565898 	 0.4100794093 	 0.0927332669 	 1.0011848345 
26.3400000000 	 0.4116297300 	 0.4106490623 	 0.0942244011 	 1.0011861608 
26.3700000000 	 0.4122280192 	 0.4112438095 	 0.0957030147 	 1.0011874865 
26.4000000000 	 0.4128511607 	 0.4118633549 	 0.0971686749 	 1.0011888116 
26.4300000000 	 0.4134988509 	 0.4125073959 	 0.0986209548 	 1.0011901361 
26.4600000000 	 0.4141707792 	 0.4131756228 	 0.1000594335 	 1.0011914601 
26.4900000000 	 0.4148666288 	 0.4138677193 	 0.1014836964 	 1.0011927835 
26.5200000000 	 0.4155860757 	 0.4145833627 	 0.1028933353 	 1.0011941064 
26.5500000000 	 0.4163287900 	 0.4153222239 	 0.1042879483 	 1.0011954288 
26.5800000000 	 0.4170944353 	 0.4160839673 	 0.1056671402 	 1.0011967506 
26.6100000000 	 0.4178826692 	 0.4168682514 	 0.1070305221 	 1.0011980718 
26.6400000000 	 0.4186931431 	 0.4176747288 	 0.1083777123 	 1.0011993926 
26.6700000000 	 0.4195255027 	 0.4185030459 	 0.1097083356 	 1.0012007128 
26.7000000000 	 0.4203793879 	 0.4193528437 	 0.1110220238 	 1.0012020325 
26.7300000000 	 0.4212544330 	 0.4202237575 	 0.1123184158 	 1.0012033518 
26.7600000000 	 0.4221502670 	 0.4211154172 	 0.1135971576 	 1.0012046705 
26.7900000000 	 0.4230665133 	 0.4220274473 	 0.1148579023 	 1.0012059887 
26.8200000000 	 0.4240027905 	 0.4229594674 	 0.1161003104 	 1.0012073065 
26.8500000000 	 0.4249587119 	 0.4239110919 	 0.1173240497 	 1.0012086238 
26.8800000000 	 0.4259338862 	 0.4248819304 	 0.1185287955 	 1.0012099407 
26.9100000000 	 0.4269279171 	 0.4258715879 	 0.1197142306 	 1.0012112571 
26.9400000000 	 0.4279404039 	 0.4268796645 	 0.1208800453 	 1.0012125730 
26.9700000000 	 0.4289709416 	 0.4279057564 	 0.1220259378 	 1.0012138885 
27.0000000000 	 0.4300191207 	 0.4289494551 	 0.1231516137 	 1.0012152036 
27.0300000000 	 0.4310845276 	 0.4300103483 	 0.1242567867 	 1.0012165183 
27.0600000000 	 0.4321667449 	 0.4310880196 	 0.1253411782 	 1.0012178325 
27.0900000000 	 0.4332653513 	 0.4321820487 	 0.1264045175 	 1.0012191464 
27.1200000000 	 0.4343799218 	 0.4332920119 	 0.1274465421 	 1.0012204599 
27.1500000000 	 0.4355100280 	 0.4344174818 	 0.1284669972 	 1.0012217730 
27.1800000000 	 0.4366552380 	 0.4355580277 	 0.1294656364 	 1.0012230857 
27.2100000000 	 0.4378151169 	 0.4367132158 	 0.1304422212 	 1.0012243980 
27.2400000000 	 0.4389892265 	 0.4378826093 	 0.1313965213 	 1.0012257100 
27.2700000000 	 0.4401771260 	 0.4390657682 	 0.1323283147 	 1.0012270217 
27.3000000000 	 0.4413783718 	 0.4402622501 	 0.1332373877 	 1.0012283330 
27.3300000000 	 0.4425925174 	 0.4414716100 	 0.1341235348 	 1.0012296440 
27.3600000000 	 0.4438191144 	 0.4426934003 	 0.1349865587 	 1.0012309547 
27.3900000000 	 0.4450577117 	 0.4439271714 	 0.1358262708 	 1.0012322651 
27.4200000000 	 0.4463078564 	 0.4451724714 	 0.1366424905 	 1.0012335752 
27.4500000000 	 0.4475690935 	 0.4464288464 	 0.1374350459 	 1.0012348850 
27.4800000000 	 0.4488409663 	 0.4476958411 	 0.1382037734 	 1.0012361945 
27.5100000000 	 0.4501230163 	 0.4489729981 	 0.1389485179 	 1.0012375037 
27.5400000000 	 0.4514147837 	 0.4502598588 	 0.1396691328 	 1.0012388127 
27.5700000000 	 0.4527158073 	 0.4515559631 	 0.1403654797 	 1.0012401215 
27.6000000000 	 0.4540256247 	 0.4528608500 	 0.1410374292 	 1.0012414300 
27.6300000000 	 0.4553437726 	 0.4541740573 	 0.1416848600 	 1.0012427383 
27.6600000000 	 0.4566697867 	 0.4554951220 	 0.1423076593 	 1.0012440464 
27.6900000000 	 0.4580032022 	 0.4568235803 	 0.1429057232 	 1.0012453543 
27.7200000000 	 0.4593435536 	 0.4581589681 	 0.1434789559 	 1.0012466619 
27.7500000000 	 0.4606903750 	 0.4595008206 	 0.1440272702 	 1.0012479694 
27.7800000000 	 0.4620432004 	 0.4608486729 	 0.1445505876 	 1.0012492767 
27.8100000000 	 0.4634015635 	 0.4622020602 	 0.1450488378 	 1.0012505839 
27.8400000000 	 0.4647649983 	 0.4635605176 	 0.1455219592 	 1.0012518909 
27.8700000000 	 0.4661330390 	 0.4649235802 	 0.1459698986 	 1.0012531978 
27.9000000000 	 0.4675052199 	 0.4662907839 	 0.1463926112 	 1.0012545045 
27.9300000000 	 0.4688810763 	 0.4676616650 	 0.1467900607 	 1.0012558111 
27.9600000000 	 0.4702601436 	 0.4690357601 	 0.1471622192 	 1.0012571176 
27.9900000000 	 0.4716419585 	 0.4704126072 	 0.1475090671 	 1.0012584240 
28.0200000000 	 0.4730260585 	 0.4717917448 	 0.1478305932 	 1.0012597303 
28.0500000000 	 0.4744119822 	 0.4731727128 	 0.1481267947 	 1.0012610365 
28.0800000000 	 0.4757992695 	 0.4745550523 	 0.1483976770 	 1.0012623426 
28.1100000000 	 0.4771874616 	 0.4759383057 	 0.1486432538 	 1.0012636487 
28.1400000000 	 0.4785761015 	 0.4773220169 	 0.1488635470 	 1.0012649548 
28.1700000000 	 0.4799647336 	 0.4787057319 	 0.1490585867 	 1.0012662608 
28.2000000000 	 0.4813529044 	 0.4800889980 	 0.1492284111 	 1.0012675667 
28.2300000000 	 0.4827401623 	 0.4814713648 	 0.1493730666 	 1.0012688727 
28.2600000000 	 0.4841260577 	 0.4828523839 	 0.1494926074 	 1.0012701786 
28.2900000000 	 0.4855101433 	 0.4842316093 	 0.1495870960 	 1.0012714845 
28.3200000000 	 0.4868919744 	 0.4856085972 	 0.1496566026 	 1.0012727905 
28.3500000000 	 0.4882711087 	 0.4869829064 	 0.1497012054 	 1.0012740964 
28.3800000000 	 0.4896471064 	 0.4883540984 	 0.1497209904 	 1.0012754024 
28.4100000000 	 0.4910195307 	 0.4897217375 	 0.1497160515 	 1.0012767085 
28.4400000000 	 0.4923879478 	 0.4910853907 	 0.1496864899 	 1.0012780146 
28.4700000000 	 0.4937519267 	 0.4924446284 	 0.1496324150 	 1.0012793207 
28.5000000000 	 0.4951110398 	 0.4937990240 	 0.1495539433 	 1.0012806269 
28.5300000000 	 0.4964648628 	 0.4951481541 	 0.1494511992 	 1.0012819332 
28.5600000000 	 0.4978129747 	 0.4964915990 	 0.1493243141 	 1.0012832396 
28.5900000000 	 0.4991549582 	 0.4978289424 	 0.1491734272 	 1.0012845461 
28.6200000000 	 0.5004903997 	 0.4991597715 	 0.1489986846 	 1.0012858527 
28.6500000000 	 0.5018188893 	 0.5004836777 	 0.1488002400 	 1.0012871594 
28.6800000000 	 0.5031400211 	 0.5018002559 	 0.1485782539 	 1.0012884662 
28.7100000000 	 0.5044533933 	 0.5031091054 	 0.1483328939 	 1.0012897732 
28.7400000000 	 0.5057586081 	 0.5044098295 	 0.1480643349 	 1.0012910803 
28.7700000000 	 0.5070552721 	 0.5057020355 	 0.1477727582 	 1.0012923876 
28.8000000000 	 0.5083429962 	 0.5069853356 	 0.1474583522 	 1.0012936950 
28.8300000000 	 0.5096213959 	 0.5082593460 	 0.1471213120 	 1.0012950026 
28.8600000000 	 0.5108900913 	 0.5095236878 	 0.1467618391 	 1.0012963104 
28.8900000000 	 0.5121487070 	 0.5107779865 	 0.1463801417 	 1.0012976184 
28.9200000000 	 0.5133968727 	 0.5120218728 	 0.1459764344 	 1.0012989266 
28.9500000000 	 0.5146342228 	 0.5132549819 	 0.1455509381 	 1.0013002350 
28.9800000000 	 0.5158603968 	 0.5144769542 	 0.1451038800 	 1.0013015436 
29.0100000000 	 0.5170750393 	 0.5156874352 	 0.1446354933 	 1.0013028524 
29.0400000000 	 0.5182778001 	 0.5168860755 	 0.1441460175 	 1.0013041615 
29.0700000000 	 0.5194683343 	 0.5180725311 	 0.1436356976 	 1.0013054708 
29.1000000000 	 0.5206463023 	 0.5192464633 	 0.1431047848 	 1.0013067803 
29.1300000000 	 0.5218113703 	 0.5204075387 	 0.1425535359 	 1.0013080901 
29.1600000000 	 0.5229632096 	 0.5215554299 	 0.1419822133 	 1.0013094002 
29.1900000000 	 0.5241014975 	 0.5226898147 	 0.1413910849 	 1.0013107105 
29.2200000000 	 0.5252259169 	 0.5238103767 	 0.1407804239 	 1.0013120211 
29.2500000000 	 0.5263361565 	 0.5249168056 	 0.1401505091 	 1.0013133320 
29.2800000000 	 0.5274319110 	 0.5260087966 	 0.1395016241 	 1.0013146432 
29.3100000000 	 0.5285128810 	 0.5270860510 	 0.1388340578 	 1.0013159547 
29.3400000000 	 0.5295787730 	 0.5281482761 	 0.1381481040 	 1.0013172665 
29.3700000000 	 0.5306293000 	 0.5291951855 	 0.1374440611 	 1.0013185786 
29.4000000000 	 0.5316641807 	 0.5302264986 	 0.1367222326 	 1.0013198911 
29.4300000000 	 0.5326831404 	 0.5312419413 	 0.1359829262 	 1.0013212039 
29.4600000000 	 0.5336859106 	 0.5322412458 	 0.1352264545 	 1.0013225170 
29.4900000000 	 0.5346722292 	 0.5332241504 	 0.1344531340 	 1.0013238304 
29.5200000000 	 0.5356418405 	 0.5341904002 	 0.1336632857 	 1.0013251442 
29.5500000000 	 0.5365944953 	 0.5351397464 	 0.1328572347 	 1.0013264584 
29.5800000000 	 0.5375299510 	 0.5360719470 	 0.1320353101 	 1.0013277729 
29.6100000000 	 0.5384479715 	 0.5369867666 	 0.1311978446 	 1.0013290877 
29.6400000000 	 0.5393483276 	 0.5378839761 	 0.1303451751 	 1.0013304030 
29.6700000000 	 0.5402307964 	 0.5387633535 	 0.1294776416 	 1.0013317186 
29.7000000000 	 0.5410951621 	 0.5396246832 	 0.1285955880 	 1.0013330346 
29.7300000000 	 0.5419412155 	 0.5404677566 	 0.1276993613 	 1.0013343510 
29.7600000000 	 0.5427687544 	 0.5412923718 	 0.1267893120 	 1.0013356678 
29.7900000000 	 0.5435775833 	 0.5420983339 	 0.1258657933 	 1.0013369849 
29.8200000000 	 0.5443675136 	 0.5428854545 	 0.1249291619 	 1.0013383025 
29.8500000000 	 0.5451383639 	 0.5436535526 	 0.1239797768 	 1.0013396205 
29.8800000000 	 0.5458899594 	 0.5444024539 	 0.1230180001 	 1.0013409389 
29.9100000000 	 0.5466221326 	 0.5451319911 	 0.1220441964 	 1.0013422577 
29.9400000000 	 0.5473347229 	 0.5458420038 	 0.1210587327 	 1.0013435770 
29.9700000000 	 0.5480275767 	 0.5465323390 	 0.1200619784 	 1.0013448966 
